-0.10515086707888412,-0.0223505067629091,0
-0.10514150849498032,-0.022633287242466125,0
-0.10513154809083831,-0.022915444486715682,0
-0.10512099040612166,-0.0231969798904097,0
-0.10510983994531797,-0.023477894851745815,0
-0.10509810117804352,-0.023758190772231007,0
-0.10508577853934499,-0.02403786905654768,0
-0.10507287642999835,-0.02431693111242225,0
-0.10505939921680474,-0.024595378350495817,0
-0.10504535123288353,-0.02487321218419775,0
-0.10503073677796268,-0.025150434029620743,0
-0.10501556011866614,-0.02542704530539878,0
-0.10499982548879862,-0.025703047432587046,0
-0.10498353708962754,-0.025978441834543932,0
-0.10496669909016236,-0.026253229936815257,0
-0.10494931562743115,-0.026527413167020612,0
-0.1049313908067546,-0.02680099295474179,0
-0.10491292870201734,-0.027073970731412964,0
-0.1048939333559367,-0.027346347930213386,0
-0.10487440878032896,-0.02761812598596143,0
-0.10485435895637284,-0.02788930633501114,0
-0.10483378783487082,-0.028159890415150123,0
-0.10481269933650778,-0.028429879665499726,0
-0.10479109735210708,-0.028699275526416858,0
-0.10476898574288442,-0.028968079439397665,0
-0.10474636834069916,-0.02923629284698293,0
-0.10472324894830337,-0.029503917192665218,0
-0.10469963133958832,-0.029770953920797736,0
-0.10467551925982889,-0.030037404476504912,0
-0.10465091642592544,-0.030303270305594616,0
-0.10462582652664357,-0.030568552854472044,0
-0.10460025322285148,-0.030833253570055025,0
-0.10457420014775524,-0.031097373899691083,0
-0.1045476709071317,-0.03136091529107605,0
-0.10452066907955924,-0.031623879192174166,0
-0.10449319821664652,-0.03188626705113943,0
-0.1044652618432587,-0.03214808031623899,0
-0.10443686345774209,-0.032409320435777295,0
-0.10440800653214606,-0.03266998885802228,0
-0.10437869451244343,-0.03293008703113255,0
-0.10434893081874845,-0.033189616403086104,0
-0.10431871884553287,-0.033448578421610316,0
-0.10428806196183998,-0.033706974534113435,0
-0.10425696351149669,-0.033964806187617144,0
-0.10422542681332345,-0.03422207482869067,0
-0.10419345516134254,-0.03447878190338583,0
-0.1041610518249841,-0.03473492885717373,0
-0.10412822004929041,-0.03499051713488239,0
-0.10409496305511828,-0.03524554818063553,0
-0.10406128403933952,-0.03550002343779286,0
-0.10402718617503949,-0.03575394434889124,0
-0.10399267261171395,-0.03600731235558713,0
-0.10395774647546399,-0.03626012889860005,0
-0.10392241086918917,-0.036512395417657384,0
-0.10388666887277892,-0.03676411335143988,0
-0.10385052354330214,-0.03701528413752867,0
-0.103813977915195,-0.037265909212352996,0
-0.10377703500044717,-0.03751599001113915,0
-0.10373969778878617,-0.037765527967860375,0
-0.10370196924786006,-0.03801452451518779,0
-0.10366385232341856,-0.03826298108444241,0
-0.10362534993949236,-0.038510899105547704,0
-0.10358646499857097,-0.03875828000698376,0
-0.10354720038177861,-0.03900512521574195,0
-0.10350755894904903,-0.0392514361572804,0
-0.10346754353929812,-0.03949721425548096,0
-0.10342715697059535,-0.03974246093260645,0
-0.10338640204033359,-0.03998717760925901,0
-0.10334528152539728,-0.04023136570433939,0
-0.10330379818232907,-0.0404750266350072,0
-0.10326195474749505,-0.040718161816641445,0
-0.10321975393724846,-0.040960772662802576,0
-0.1031771984480917,-0.041202860585194984,0
-0.1031342909568373,-0.04144442699363016,0
-0.10309103412076692,-0.041685473295991024,0
-0.10304743057778937,-0.041926000898196675,0
-0.1030034829465969,-0.042166011204168075,0
-0.10295919382682016,-0.042405505615794536,0
-0.10291456579918189,-0.04264448553290056,0
-0.10286960142564894,-0.042882952353214085,0
-0.10282430324958329,-0.043120907472334546,0
-0.10277867379589134,-0.0433583522837026,0
-0.10273271557117218,-0.043595288178569655,0
-0.10268643106386431,-0.04383171654596864,0
-0.10263982274439107,-0.04406763877268532,0
-0.10259289306530495,-0.044303056243229985,0
-0.1025456444614303,-0.0445379703398103,0
-0.10249807935000511,-0.04477238244230419,0
-0.10245020013082122,-0.04500629392823378,0
-0.10240200918636344,-0.04523970617273975,0
-0.10235350888194743,-0.045472620548556456,0
-0.10230470156585625,-0.04570503842598731,0
-0.10225558956947588,-0.04593696117288106,0
-0.10220617520742924,-0.046168390154608614,0
-0.10215646077770936,-0.04639932673404013,0
-0.10210644856181113,-0.04662977227152306,0
-0.10205614082486193,-0.04685972812486038,0
-0.10200553981575117,-0.04708919564928967,0
-0.10195464776725867,-0.04731817619746239,0
-0.10190346689618177,-0.04754667111942395,0
-0.10185199940346157,-0.047774681762594084,0
-0.10180024747430777,-0.048002209471747936,0
-0.10174821327832266,-0.04822925558899738,0
-0.1016958989696238,-0.04845582145377312,0
-0.10164330668696585,-0.04868190840280684,0
-0.10159043855386107,-0.048907517770114324,0
-0.10153729667869904,-0.04913265088697862,0
-0.1014838831548651,-0.049357309081933885,0
-0.10143020006085789,-0.04958149368074959,0
-0.10137624946040569,-0.04980520600641521,0
-0.10132203340258207,-0.05002844737912527,0
-0.10126755392192016,-0.05025121911626477,0
-0.10121281303852613,-0.0504735225323953,0
-0.10115781275819163,-0.05069535893924119,0
-0.1011025550725053,-0.05091672964567627,0
-0.10104704195896325,-0.05113763595771099,0
-0.10099127538107854,-0.05135807917847994,0
-0.1009352572884898,-0.05157806060822972,0
-0.1008789896170689,-0.05179758154430724,0
-0.10082247428902757,-0.05201664328114824,0
-0.10076571321302336,-0.05223524711026626,0
-0.10070870828426423,-0.0524533943202422,0
-0.10065146138461283,-0.05267108619671366,0
-0.10059397438268927,-0.05288832402236529,0
-0.10053624913397347,-0.05310510907691898,0
-0.10047828748090647,-0.053321442637124496,0
-0.10042009125299066,-0.05353732597675075,0
-0.10036166226688957,-0.05375276036657685,0
-0.1003030023265264,-0.05396774707438396,0
-0.10024411322318197,-0.05418228736494715,0
-0.10018499673559163,-0.05439638250002778,0
-0.1001256546300416,-0.054610033738365905,0
-0.10006608866046417,-0.054823242335673275,0
-0.10000630056853228,-0.05503600954462643,0
-0.09994629208375336,-0.055248336614860095,0
-0.0998860649235621,-0.05546022479296102,0
-0.0998256207934127,-0.05567167532246178,0
-0.0997649613868702,-0.055882689443835155,0
-0.09970408838570104,-0.056093268394488686,0
-0.09964300345996285,-0.056303413408759294,0
-0.09958170826809358,-0.056513125717908445,0
-0.0995202044569997,-0.056722406550117364,0
-0.09945849366214372,-0.05693125713048268,0
-0.09939657750763112,-0.057139678681012024,0
-0.09933445760629617,-0.057347672420620215,0
-0.09927213555978759,-0.05755523956512535,0
-0.09920961295865291,-0.05776238132724536,0
-0.09914689138242239,-0.05796909891659479,0
-0.09908397239969238,-0.05817539353968146,0
-0.09902085756820755,-0.05838126639990402,0
-0.09895754843494302,-0.05858671869754882,0
-0.09889404653618507,-0.05879175162978792,0
-0.09883035339761195,-0.05899636639067648,0
-0.0987664705343733,-0.059200564171151084,0
-0.09870239945116951,-0.05940434615902759,0
-0.09863814164232995,-0.05960771353899977,0
-0.09857369859189084,-0.05981066749263763,0
-0.09850907177367223,-0.060013209198386416,0
-0.09844426265135467,-0.060215339831565295,0
-0.09837927267855484,-0.06041706056436667,0
-0.09831410329890086,-0.06061837256585539,0
-0.09824875594610687,-0.06081927700196811,0
-0.0981832320440469,-0.061019775035513174,0
-0.09811753300682825,-0.06121986782617029,0
-0.09805166023886426,-0.06141955653049048,0
-0.09798561513494634,-0.06161884230189628,0
-0.09791939908031558,-0.06181772629068204,0
-0.09785301345073365,-0.06201620964401426,0
-0.0977864596125531,-0.06221429350593243,0
-0.0977197389227872,-0.06241197901734966,0
-0.09765285272917903,-0.06260926731605357,0
-0.09758580237027024,-0.06280615953670739,0
-0.09751858917546896,-0.06300265681085114,0
-0.0974512144651174,-0.06319876026690296,0
-0.09738367955055863,-0.06339447103016073,0
-0.09731598573420314,-0.06358979022280344,0
-0.09724813430959457,-0.06378471896389314,0
-0.0971801265614751,-0.06397925836937668,0
-0.09711196376585,-0.06417340955208792,0
-0.09704364719005215,-0.06436717362174957,0
-0.09697517809280559,-0.06456055168497561,0
-0.09690655772428865,-0.06475354484527375,0
-0.09683778732619674,-0.06494615420304772,0
-0.09676886813180446,-0.06513838085560004,0
-0.09669980136602718,-0.0653302258971347,0
-0.09663058824548242,-0.06552169041875978,0
-0.0965612299785501,-0.06571277550849086,0
-0.09649172776543309,-0.06590348225125367,0
-0.09642208279821672,-0.06609381172888727,0
-0.09635229626092791,-0.06628376502014753,0
-0.09628236932959391,-0.06647334320071037,0
-0.09621230317230063,-0.0666625473431751,0
-0.09614209894925023,-0.06685137851706822,0
-0.09607175781281849,-0.06703983778884687,0
-0.0960012809076117,-0.06722792622190259,0
-0.0959306693705229,-0.0674156448765653,0
-0.09585992433078792,-0.06760299481010702,0
-0.09578904691004077,-0.06778997707674603,0
-0.09571803822236861,-0.06797659272765091,0
-0.09564689937436643,-0.06816284281094476,0
-0.09557563146519113,-0.06834872837170937,0
-0.09550423558661517,-0.0685342504519897,0
-0.09543271282307998,-0.06871941009079809,0
-0.0953610642517487,-0.06890420832411902,0
-0.09528929094255854,-0.0690886461849135,0
-0.09521739395827293,-0.06927272470312383,0
-0.09514537435453306,-0.0694564449056781,0
-0.0950732331799089,-0.0696398078164953,0
-0.09500097147595017,-0.06982281445649002,0
-0.09492859027723664,-0.07000546584357725,0
-0.094856090611428,-0.07018776299267765,0
-0.09478347349931351,-0.07036970691572234,0
-0.09471073995486114,-0.07055129862165822,0
-0.09463789098526637,-0.07073253911645305,0
-0.0945649275910005,-0.07091342940310072,0
-0.09449185076585881,-0.07109397048162656,0
-0.09441866149700792,-0.07127416334909273,0
-0.09434536076503339,-0.07145400899960347,0
-0.09427194954398628,-0.0716335084243109,0
-0.0941984288014298,-0.07181266261142023,0
-0.09412479949848553,-0.07199147254619542,0
-0.09405106258987894,-0.072169939210965,0
-0.09397721902398509,-0.07234806358512746,0
-0.0939032697428734,-0.07252584664515722,0
-0.0938292156823527,-0.07270328936461022,0
-0.09375505777201516,-0.07288039271412995,0
-0.09368079693528066,-0.0730571576614531,0
-0.09360643408944025,-0.07323358517141558,0
-0.09353197014569951,-0.07340967620595854,0
-0.09345740600922148,-0.07358543172413431,0
-0.09338274257916944,-0.07376085268211231,0
-0.09330798074874899,-0.07393594003318538,0
-0.09323312140525022,-0.07411069472777575,0
-0.0931581654300893,-0.07428511771344116,0
-0.09308311369884978,-0.07445920993488112,0
-0.09300796708132351,-0.07463297233394321,0
-0.09293272644155154,-0.07480640584962919,0
-0.09285739263786427,-0.07497951141810141,0
-0.0927819665229216,-0.07515228997268907,0
-0.09270644894375261,-0.07532474244389473,0
-0.09263084074179516,-0.0754968697594004,0
-0.09255514275293474,-0.07566867284407436,0
-0.0924793558075435,-0.0758401526199773,0
-0.09240348073051881,-0.07601131000636892,0
-0.09232751834132123,-0.07618214591971448,0
-0.09225146945401268,-0.07635266127369132,0
-0.092175334877294,-0.07652285697919532,0
-0.09209911541454231,-0.0766927339443476,0
-0.09202281186384799,-0.07686229307450118,0
-0.09194642501805156,-0.07703153527224739,0
-0.09186995566478015,-0.07720046143742276,0
-0.09179340458648362,-0.07736907246711568,0
-0.0917167725604706,-0.07753736925567292,0
-0.09164006035894413,-0.07770535269470656,0
-0.09156326874903697,-0.07787302367310064,0
-0.09148639849284679,-0.07804038307701792,0
-0.09140945034747094,-0.07820743178990668,0
-0.09133242506504122,-0.0783741706925074,0
-0.09125532339275792,-0.0785406006628599,0
-0.09117814607292397,-0.0787067225763098,0
-0.09110089384297884,-0.07887253730551563,0
-0.09102356743553204,-0.07903804572045543,0
-0.0909461675783962,-0.07920324868843405,0
-0.09086869499462044,-0.07936814707408944,0
-0.0907911504025228,-0.07953274173940021,0
-0.090713534515723,-0.07969703354369206,0
-0.09063584804317466,-0.07986102334364492,0
-0.09055809168919728,-0.08002471199329982,0
-0.09048026615350806,-0.08018810034406593,0
-0.09040237213125354,-0.0803511892447274,0
-0.0903244103130407,-0.08051397954145048,0
-0.09024638138496834,-0.0806764720777903,0
-0.0901682860286576,-0.08083866769469811,0
-0.09009012492128284,-0.08100056723052801,0
-0.09001189873560181,-0.08116217152104421,0
-0.08993360813998598,-0.08132348139942781,0
-0.0898552537984503,-0.08148449769628399,0
-0.08977683637068305,-0.08164522123964899,0
-0.08969835651207514,-0.0818056528549971,0
-0.08961981487374954,-0.08196579336524772,0
-0.08954121210259025,-0.08212564359077236,0
-0.089462548841271,-0.08228520434940187,0
-0.08938382572828406,-0.08244447645643321,0
-0.08930504339796846,-0.08260346072463666,0
-0.0892262024805383,-0.08276215796426287,0
-0.08914730360211058,-0.0829205689830499,0
-0.089068347384733,-0.08307869458623035,0
-0.08898933444641162,-0.0832365355765382,0
-0.08891026540113796,-0.08339409275421625,0
-0.08883114085891648,-0.08355136691702265,0
-0.08875196142579121,-0.08370835886023856,0
-0.08867272770387256,-0.08386506937667482,0
-0.0885934402913641,-0.08402149925667901,0
-0.08851409978258852,-0.08417764928814281,0
-0.08843470676801402,-0.0843335202565088,0
-0.08835526183428026,-0.08448911294477757,0
-0.08827576556422408,-0.0846444281335148,0
-0.08819621853690499,-0.0847994666008584,0
-0.08811662132763066,-0.08495422912252541,0
-0.08803697450798213,-0.08510871647181915,0
-0.0879572786458387,-0.0852629294196363,0
-0.08787753430540293,-0.0854168687344738,0
-0.08779774204722496,-0.08557053518243612,0
-0.08771790242822751,-0.08572392952724198,0
-0.08763801600172956,-0.08587705253023176,0
-0.08755808331747085,-0.0860299049503742,0
-0.08747810492163567,-0.08618248754427366,0
-0.08739808135687666,-0.08633480106617697,0
-0.08731801316233831,-0.08648684626798053,0
-0.08723790087368037,-0.08663862389923734,0
-0.08715774502310122,-0.08679013470716389,0
-0.08707754613936074,-0.0869413794366473,0
-0.08699730474780334,-0.08709235883025221,0
-0.08691702137038061,-0.08724307362822778,0
-0.08683669652567391,-0.08739352456851472,0
-0.08675633072891677,-0.08754371238675215,0
-0.08667592449201708,-0.08769363781628473,0
-0.08659547832357928,-0.08784330158816937,0
-0.08651499272892611,-0.08799270443118241,0
-0.08643446821012045,-0.08814184707182646,0
-0.08635390526598696,-0.08829073023433724,0
-0.08627330439213342,-0.08843935464069068,0
-0.086192666080972,-0.0885877210106097,0
-0.08611199082174045,-0.08873583006157122,0
-0.08603127910052323,-0.0888836825088128,0
-0.08595053140027185,-0.08903127906533995,0
-0.08586974820082613,-0.08917862044193257,0
-0.0857889299789343,-0.0893257073471521,0
-0.08570807720827363,-0.08947254048734818,0
-0.08562719035947036,-0.08961912056666575,0
-0.08554626990012018,-0.08976544828705164,0
-0.08546531629480784,-0.08991152434826137,0
-0.08538433000512713,-0.09005734944786623,0
-0.08530331148970038,-0.09020292428125984,0
-0.08522226120419811,-0.09034824954166501,0
-0.08514117960135831,-0.09049332592014059,0
-0.08506006713100576,-0.09063815410558808,0
-0.08497892424007096,-0.0907827347847586,0
-0.08489775137260935,-0.09092706864225934,0
-0.08481654896981984,-0.09107115636056066,0
-0.08473531747006374,-0.09121499862000243,0
-0.08465405730888308,-0.09135859609880106,0
-0.08457276891901924,-0.09150194947305607,0
-0.08449145273043121,-0.09164505941675653,0
-0.08441010917031362,-0.09178792660178822,0
-0.08432873866311477,-0.09193055169794,0
-0.08424734163055475,-0.09207293537291032,0
-0.08416591849164302,-0.09221507829231412,0
-0.08408446966269607,-0.09235698111968939,0
-0.08400299555735503,-0.09249864451650364,0
-0.08392149658660299,-0.09264006914216064,0
-0.08383997315878226,-0.09278125565400687,0
-0.0837584256796117,-0.09292220470733824,0
-0.08367685455220344,-0.09306291695540657,0
-0.08359526017708009,-0.09320339304942603,0
-0.08351364295219141,-0.09334363363857975,0
-0.08343200327293081,-0.09348363937002649,0
-0.08335034153215236,-0.09362341088890674,0
-0.08326865812018668,-0.09376294883834964,0
-0.08318695342485763,-0.09390225385947915,0
-0.08310522783149844,-0.09404132659142062,0
-0.08302348172296771,-0.09418016767130721,0
-0.0829417154796655,-0.09431877773428635,0
-0.08285992947954905,-0.09445715741352612,0
-0.08277812409814879,-0.09459530734022153,0
-0.08269629970858373,-0.09473322814360113,0
-0.08261445668157716,-0.09487092045093323,0
-0.08253259538547186,-0.0950083848875323,0
-0.08245071618624575,-0.09514562207676525,0
-0.08236881944752687,-0.09528263264005778,0
-0.0822869055306085,-0.09541941719690074,0
-0.08220497479446416,-0.0955559763648564,0
-0.08212302759576273,-0.09569231075956454,0
-0.08204106428888289,-0.09582842099474907,0
-0.08195908522592792,-0.09596430768222403,0
-0.08187709075674049,-0.09609997143189979,0
-0.08179508122891693,-0.09623541285178941,0
-0.08171305698782169,-0.09637063254801473,0
-0.08163101837660165,-0.09650563112481256,0
-0.08154896573620006,-0.09664040918454109,0
-0.08146689940537113,-0.09677496732768556,0
-0.08138481972069349,-0.09690930615286483,0
-0.08130272701658434,-0.09704342625683736,0
-0.08122062162531328,-0.09717732823450723,0
-0.08113850387701603,-0.0973110126789302,0
-0.08105637409970771,-0.09744448018132013,0
-0.08097423261929682,-0.09757773133105456,0
-0.08089207975959813,-0.09771076671568119,0
-0.08080991584234674,-0.09784358692092338,0
-0.08072774118721043,-0.09797619253068687,0
-0.0806455561118035,-0.09810858412706507,0
-0.0805633609316996,-0.09824076229034538,0
-0.08048115596044443,-0.0983727275990153,0
-0.08039894150956897,-0.09850448062976806,0
-0.08031671788860215,-0.09863602195750872,0
-0.08023448540508367,-0.09876735215535981,0
-0.08015224436457608,-0.0988984717946679,0
-0.08006999507067805,-0.09902938144500868,0
-0.07998773782503625,-0.09916008167419339,0
-0.07990547292735808,-0.09929057304827422,0
-0.07982320067542353,-0.09942085613155068,0
-0.07974092136509778,-0.09955093148657489,0
-0.07965863529034299,-0.09968079967415767,0
-0.07957634274323055,-0.09981046125337427,0
-0.07949404401395267,-0.09993991678157023,0
-0.07941173939083479,-0.10006916681436677,0
-0.07932942916034678,-0.100198211905667,0
-0.079247113607115,-0.10032705260766127,0
-0.07916479301393375,-0.10045568947083308,0
-0.07908246766177678,-0.1005841230439648,0
-0.07900013782980905,-0.10071235387414292,0
-0.07891780379539756,-0.10084038250676437,0
-0.07883546583412315,-0.10096820948554161,0
-0.07875312421979157,-0.10109583535250842,0
-0.07867077922444447,-0.10122326064802559,0
-0.07858843111837069,-0.10135048591078642,0
-0.07850608017011716,-0.10147751167782222,0
-0.07842372664649974,-0.10160433848450809,0
-0.07834137081261423,-0.10173096686456824,0
-0.07825901293184707,-0.10185739735008154,0
-0.07817665326588612,-0.10198363047148704,0
-0.07809429207473119,-0.10210966675758949,0
-0.07801192961670446,-0.10223550673556496,0
-0.07792956614846133,-0.10236115093096591,0
-0.0778472019250005,-0.10248659986772707,0
-0.0777648371996748,-0.10261185406817025,0
-0.07768247222420065,-0.10273691405301061,0
-0.07760010724866907,-0.10286178034136122,0
-0.07751774252155547,-0.10298645345073895,0
-0.07743537828972963,-0.10311093389706959,0
-0.07735301479846599,-0.10323522219469326,0
-0.07727065229145338,-0.10335931885636966,0
-0.07718829101080484,-0.10348322439328361,0
-0.07710593119706773,-0.10360693931504994,0
-0.07702357308923297,-0.10373046412971922,0
-0.07694121692474523,-0.10385379934378267,0
-0.0768588629395125,-0.10397694546217737,0
-0.0767765113679149,-0.104099902988292,0
-0.07669416244281536,-0.10422267242397126,0
-0.07661181639556794,-0.1043452542695218,0
-0.07652947345602788,-0.10446764902371687,0
-0.07644713385256062,-0.10458985718380176,0
-0.07636479781205091,-0.10471187924549892,0
-0.07628246555991253,-0.10483371570301285,0
-0.07620013732009664,-0.10495536704903553,0
-0.07611781331510137,-0.1050768337747514,0
-0.07603549376598064,-0.10519811636984228,0
-0.07595317889235302,-0.10531921532249268,0
-0.07587086891241081,-0.10544013111939463,0
-0.07578856404292873,-0.10556086424575277,0
-0.07570626449927248,-0.10568141518528953,0
-0.07562397049540771,-0.10580178442024998,0
-0.0755416822439088,-0.10592197243140661,0
-0.07545939995596672,-0.10604197969806484,0
-0.07537712384139854,-0.10616180669806732,0
-0.07529485410865523,-0.1062814539077993,0
-0.07521259096483007,-0.10640092180219353,0
-0.07513033461566743,-0.1065202108547349,0
-0.07504808526557066,-0.10663932153746561,0
-0.07496584311761077,-0.10675825432098966,0
-0.074883608373534,-0.10687700967447827,0
-0.0748013812337706,-0.1069955880656742,0
-0.0747191618974426,-0.10711398996089676,0
-0.07463695056237168,-0.1072322158250468,0
-0.0745547474250876,-0.1073502661216111,0
-0.07447255268083573,-0.10746814131266752,0
-0.07439036652358513,-0.10758584185888954,0
-0.07430818914603633,-0.10770336821955111,0
-0.07422602073962925,-0.10782072085253117,0
-0.07414386149455039,-0.10793790021431882,0
-0.0740617115997412,-0.1080549067600175,0
-0.07397957124290533,-0.10817174094334994,0
-0.07389744061051615,-0.10828840321666285,0
-0.07381531988782447,-0.10840489403093137,0
-0.07373320925886598,-0.1085212138357639,0
-0.07365110890646849,-0.10863736307940665,0
-0.07356901901225943,-0.1087533422087483,0
-0.07348693975667354,-0.1088691516693243,0
-0.0734048713189592,-0.10898479190532202,0
-0.07332281387718687,-0.1091002633595846,0
-0.07324076760825521,-0.1092155664736161,0
-0.07315873268789887,-0.1093307016875857,0
-0.07307670929069554,-0.10944566944033222,0
-0.0729946975900727,-0.1095604701693687,0
-0.07291269775831474,-0.10967510431088698,0
-0.07283070996656997,-0.10978957229976195,0
-0.07274873438485777,-0.10990387456955603,0
-0.07266677118207478,-0.11001801155252387,0
-0.0725848205260026,-0.11013198367961634,0
-0.07250288258331376,-0.11024579138048536,0
-0.07242095751957901,-0.11035943508348807,0
-0.07233904549927393,-0.11047291521569103,0
-0.0722571466857851,-0.11058623220287513,0
-0.07217526124141749,-0.11069938646953928,0
-0.07209338932740035,-0.11081237843890525,0
-0.07201153110389413,-0.11092520853292169,0
-0.07192968672999663,-0.11103787717226865,0
-0.07184785636375002,-0.11115038477636152,0
-0.07176604016214636,-0.11126273176335581,0
-0.0716842382811348,-0.11137491855015094,0
-0.07160245087562746,-0.11148694555239472,0
-0.07152067809950564,-0.11159881318448757,0
-0.0714389201056264,-0.11171052185958667,0
-0.07135717704582849,-0.11182207198961011,0
-0.07127544907093848,-0.11193346398524132,0
-0.07119373633077705,-0.1120446982559329,0
-0.07111203897416507,-0.11215577520991098,0
-0.07103035714892927,-0.11226669525417948,0
-0.07094869100190887,-0.11237745879452385,0
-0.07086704067896092,-0.1124880662355156,0
-0.07078540632496655,-0.11259851798051622,0
-0.07070378808383691,-0.11270881443168113,0
-0.07062218609851885,-0.11281895598996393,0
-0.07054060051100072,-0.1129289430551205,0
-0.07045903146231826,-0.1130387760257129,0
-0.07037747909256022,-0.1131484552991135,0
-0.0702959435408744,-0.1132579812715088,0
-0.07021442494547261,-0.11336735433790378,0
-0.07013292344363713,-0.11347657489212551,0
-0.07005143917172557,-0.11358564332682747,0
-0.06996997226517712,-0.11369456003349313,0
-0.0698885228585173,-0.1138033254024404,0
-0.06980709108536413,-0.11391193982282499,0
-0.06972567707843334,-0.11402040368264472,0
-0.06964428096954355,-0.11412871736874335,0
-0.06956290288962214,-0.11423688126681428,0
-0.06948154296870998,-0.11434489576140479,0
-0.06940020133596742,-0.11445276123591953,0
-0.06931887811967895,-0.11456047807262464,0
-0.06923757344725899,-0.11466804665265137,0
-0.06915628744525676,-0.11477546735600005,0
-0.06907502023936159,-0.11488274056154386,0
-0.06899377195440785,-0.11498986664703276,0
-0.06891254271438055,-0.11509684598909688,0
-0.06883133264241982,-0.11520367896325082,0
-0.0687501418608266,-0.11531036594389692,0
-0.06866897049106718,-0.11541690730432932,0
-0.06858781865377828,-0.11552330341673764,0
-0.06850668646877223,-0.1156295546522105,0
-0.06842557405504161,-0.11573566138073957,0
-0.06834448153076447,-0.11584162397122284,0
-0.0682634090133087,-0.11594744279146875,0
-0.0681823566192375,-0.11605311820819944,0
-0.06810132446431372,-0.11615865058705467,0
-0.06802031266350485,-0.11626404029259534,0
-0.06793932133098753,-0.11636928768830723,0
-0.0678583505801526,-0.11647439313660445,0
-0.0677774005236096,-0.11657935699883315,0
-0.06769647127319135,-0.11668417963527515,0
-0.06761556293995878,-0.11678886140515135,0
-0.06753467563420534,-0.1168934026666255,0
-0.06745380946546184,-0.11699780377680748,0
-0.06737296454250062,-0.11710206509175715,0
-0.06729214097334023,-0.11720618696648774,0
-0.06721133886525017,-0.11731016975496915,0
-0.06713055832475494,-0.1174140138101319,0
-0.06704979945763852,-0.11751771948387028,0
-0.06696906236894941,-0.11762128712704571,0
-0.06688834716300386,-0.11772471708949075,0
-0.06680765394339135,-0.11782800972001194,0
-0.06672698281297819,-0.1179311653663936,0
-0.06664633387391204,-0.11803418437540118,0
-0.06656570722762639,-0.11813706709278457,0
-0.06648510297484443,-0.11823981386328163,0
-0.06640452121558335,-0.11834242503062159,0
-0.06632396204915889,-0.11844490093752826,0
-0.066243425574189,-0.11854724192572356,0
-0.06616291188859817,-0.11864944833593091,0
-0.06608242108962194,-0.11875152050787827,0
-0.06600195327381016,-0.11885345878030192,0
-0.06592150853703177,-0.11895526349094936,0
-0.06584108697447866,-0.11905693497658286,0
-0.06576068868066949,-0.11915847357298266,0
-0.0656803137494538,-0.11925987961495034,0
-0.0655999622740159,-0.11936115343631203,0
-0.06551963434687917,-0.11946229536992158,0
-0.06543933005990935,-0.11956330574766397,0
-0.06535904950431885,-0.11966418490045853,0
-0.06527879277067075,-0.11976493315826195,0
-0.06519855994888211,-0.11986555085007182,0
-0.06511835112822834,-0.11996603830392953,0
-0.06503816639734664,-0.12006639584692368,0
-0.06495800584423997,-0.12016662380519312,0
-0.06487786955628067,-0.1202667225039302,0
-0.06479775762021425,-0.12036669226738385,0
-0.06471767012216309,-0.12046653341886282,0
-0.06463760714763009,-0.12056624628073875,0
-0.06455756878150241,-0.12066583117444928,0
-0.06447755510805511,-0.12076528842050113,0
-0.0643975662109545,-0.1208646183384734,0
-0.06431760217326213,-0.12096382124702035,0
-0.06423766307743799,-0.1210628974638748,0
-0.0641577490053445,-0.12116184730585086,0
-0.06407786003824952,-0.1212606710888473,0
-0.06399799625683016,-0.1213593691278504,0
-0.06391815774117635,-0.12145794173693704,0
-0.06383834457079401,-0.12155638922927774,0
-0.06375855682460876,-0.1216547119171396,0
-0.06367879458096914,-0.12175291011188942,0
-0.06359905791765014,-0.12185098412399661,0
-0.06351934691185661,-0.12194893426303609,0
-0.0634396616402264,-0.12204676083769152,0
-0.06336000217883393,-0.12214446415575797,0
-0.06328036860319353,-0.12224204452414497,0
-0.06320076098826245,-0.12233950224887954,0
-0.06312117940844435,-0.12243683763510906,0
-0.06304162393759265,-0.12253405098710408,0
-0.0629620946490135,-0.12263114260826137,0
-0.0628825916154693,-0.12272811280110675,0
-0.06280311490918172,-0.12282496186729792,0
-0.06272366460183482,-0.12292169010762748,0
-0.06264424076457828,-0.12301829782202572,0
-0.06256484346803076,-0.12311478530956335,0
-0.06248547278228263,-0.12321115286845458,0
-0.06240612877689932,-0.12330740079605977,0
-0.06232681152092438,-0.12340352938888832,0
-0.06224752108288252,-0.12349953894260154,0
-0.06216825753078267,-0.12359542975201526,0
-0.062089020932121146,-0.12369120211110278,0
-0.06200981135388413,-0.12378685631299777,0
-0.061930628862551365,-0.12388239264999676,0
-0.0618514735240989,-0.12397781141356198,0
-0.06177234540400167,-0.12407311289432436,0
-0.061693244567236835,-0.124168297382086,0
-0.06161417107828676,-0.12426336516582293,0
-0.06153512500114172,-0.12435831653368787,0
-0.06145610639930249,-0.12445315177301317,0
-0.06137711533578411,-0.12454787117031303,0
-0.06129815187311777,-0.12464247501128668,0
-0.061219216073354274,-0.12473696358082072,0
-0.06114030799806635,-0.1248313371629921,0
-0.06106142770835226,-0.12492559604107038,0
-0.060982575264837566,-0.12501974049752082,0
-0.06090375072767862,-0.12511377081400676,0
-0.060824954156565136,-0.1252076872713923,0
-0.06074618561072295,-0.1253014901497449,0
-0.060667445148916546,-0.12539517972833814,0
-0.06058873282945196,-0.12548875628565417,0
-0.060510048710179364,-0.12558222009938644,0
-0.06043139284849571,-0.12567557144644217,0
-0.060352765301347665,-0.12576881060294504,0
-0.06027416612523402,-0.1258619378442375,0
-0.06019559537620798,-0.12595495344488386,0
-0.0601170531098806,-0.1260478576786722,0
-0.06003853938142266,-0.12614065081861742,0
-0.05996005424556739,-0.12623333313696355,0
-0.05988159775661335,-0.12632590490518625,0
-0.05980316996842666,-0.12641836639399542,0
-0.059724770934443575,-0.12651071787333767,0
-0.059646400707673214,-0.12660295961239879,0
-0.05956805934069973,-0.12669509187960623,0
-0.059489746885685084,-0.12678711494263176,0
-0.05941146339437134,-0.12687902906839357,0
-0.05933320891808318,-0.1269708345230592,0
-0.05925498350773043,-0.12706253157204755,0
-0.05917678721381038,-0.1271541204800316,0
-0.05909862008641011,-0.12724560151094083,0
-0.05902048217520925,-0.12733697492796342,0
-0.05894237352948195,-0.12742824099354902,0
-0.05886429419809945,-0.1275193999694108,0
-0.058786244229532464,-0.1276104521165282,0
-0.058708223671853486,-0.12770139769514896,0
-0.058630232572739,-0.12779223696479183,0
-0.05855227097947217,-0.12788297018424866,0
-0.05847433893894446,-0.12797359761158708,0
-0.05839643649765882,-0.12806411950415256,0
-0.058318563701731135,-0.1281545361185709,0
-0.058240720596893066,-0.12824484771075054,0
-0.05816290722849374,-0.12833505453588506,0
-0.058085123641502784,-0.1284251568484551,0
-0.05800736988051177,-0.1285151549022311,0
-0.057929645989736794,-0.12860504895027539,0
-0.0578519520130206,-0.12869483924494454,0
-0.0577742879938349,-0.1287845260378916,0
-0.05769665397528219,-0.1288741095800685,0
-0.05761905000009847,-0.12896359012172814,0
-0.057541476110654785,-0.1290529679124269,0
-0.05746393234895974,-0.12914224320102669,0
-0.057386418756661596,-0.1292314162356972,0
-0.05730893537505005,-0.12932048726391837,0
-0.057231482245058814,-0.1294094565324824,0
-0.057154059407267394,-0.12949832428749602,0
-0.057076666901903335,-0.1295870907743827,0
-0.056999304768843906,-0.12967575623788505,0
-0.05692197304761867,-0.12976432092206666,0
-0.056844671777411114,-0.12985278507031464,0
-0.05676740099706094,-0.12994114892534162,0
-0.05669016074506603,-0.13002941272918792,0
-0.056612951059584075,-0.13011757672322388,0
-0.056535771978435186,-0.1302056411481519,0
-0.056458623539103296,-0.1302936062440085,0
-0.05638150577873856,-0.1303814722501667,0
-0.05630441873415918,-0.13046923940533792,0
-0.056227362441853126,-0.13055690794757432,0
-0.05615033693798031,-0.13064447811427082,0
-0.05607334225837442,-0.13073195014216726,0
-0.0559963784385448,-0.13081932426735043,0
-0.05591944551367859,-0.13090660072525614,0
-0.055842543518642124,-0.1309937797506716,0
-0.05576567248798336,-0.1310808615777371,0
-0.055688832455933215,-0.13116784643994844,0
-0.055612023456408005,-0.13125473457015874,0
-0.05553524552301057,-0.1313415262005807,0
-0.055458498689033034,-0.13142822156278847,0
-0.05538178298745746,-0.13151482088771993,0
-0.055305098450958885,-0.1316013244056785,0
-0.05522844511190605,-0.13168773234633538,0
-0.05515182300236404,-0.13177404493873138,0
-0.05507523215409562,-0.131860262411279,0
-0.05499867259856281,-0.13194638499176464,0
-0.054922144366929264,-0.13203241290735035,0
-0.05484564749006162,-0.13211834638457587,0
-0.054769181998530966,-0.13220418564936082,0
-0.05469274792261535,-0.13228993092700642,0
-0.05461634529230072,-0.1323755824421976,0
-0.05453997413728303,-0.13246114041900503,0
-0.054463634486970135,-0.13254660508088686,0
-0.054387326370482776,-0.13263197665069104,0
-0.054311049816656874,-0.13271725535065693,0
-0.05423480485404533,-0.13280244140241731,0
-0.05415859151091877,-0.13288753502700054,0
-0.05408240981526845,-0.13297253644483212,0
-0.054006259794806735,-0.13305744587573706,0
-0.05393014147696951,-0.13314226353894132,0
-0.053854054888917584,-0.13322698965307406,0
-0.053778000057538175,-0.13331162443616937,0
-0.05370197700944645,-0.13339616810566834,0
-0.053625985770987546,-0.13348062087842072,0
-0.05355002636823762,-0.13356498297068697,0
-0.05347409882700606,-0.13364925459813995,0
-0.05339820317283631,-0.13373343597586704,0
-0.053322339431007844,-0.13381752731837196,0
-0.0532465076265379,-0.13390152883957626,0
-0.053170707784182605,-0.1339854407528217,0
-0.053094939928438716,-0.13406926327087174,0
-0.05301920408354515,-0.13415299660591343,0
-0.05294350027348448,-0.13423664096955934,0
-0.05286782852198442,-0.1343201965728493,0
-0.05279218885251937,-0.13440366362625222,0
-0.05271658128831168,-0.13448704233966796,0
-0.05264100585233353,-0.1345703329224291,0
-0.052565462567308076,-0.13465353558330265,0
-0.05248995145571114,-0.13473665053049189,0
-0.05241447253977256,-0.13481967797163824,0
-0.052339025841477406,-0.134902618113823,0
-0.05226361138256774,-0.1349854711635691,0
-0.052188229184544174,-0.13506823732684267,0
-0.052112879268666756,-0.13515091680905522,0
-0.052037561655956736,-0.13523350981506507,0
-0.05196227636719825,-0.1353160165491791,0
-0.051887023422939,-0.13539843721515465,0
-0.05181180284349224,-0.1354807720162012,0
-0.05173661464893788,-0.135563021154982,0
-0.05166145885912407,-0.1356451848336159,0
-0.05158633549366828,-0.13572726325367904,0
-0.05151124457195881,-0.13580925661620652,0
-0.05143618611315642,-0.13589116512169408,0
-0.05136116013619501,-0.13597298897009993,0
-0.051286166659783666,-0.1360547283608463,0
-0.05121120570240743,-0.13613638349282126,0
-0.05113627728232897,-0.13621795456438018,0
-0.051061381417589716,-0.13629944177334768,0
-0.05098651812601141,-0.13638084531701908,0
-0.05091168742519702,-0.1364621653921621,0
-0.05083688933253244,-0.13654340219501862,0
-0.050762123865187136,-0.13662455592130635,0
-0.05068739104011649,-0.13670562676622014,0
-0.05061269087406187,-0.1367866149244341,0
-0.05053802338355278,-0.13686752059010288,0
-0.05046338858490776,-0.1369483439568634,0
-0.05038878649423533,-0.1370290852178366,0
-0.05031421712743616,-0.13710974456562874,0
-0.05023968050020323,-0.13719032219233343,0
-0.05016517662802366,-0.13727081828953283,0
-0.05009070552617982,-0.13735123304829952,0
-0.050016267209750616,-0.13743156665919795,0
-0.04994186169361242,-0.13751181931228615,0
-0.04986748899244062,-0.13759199119711713,0
-0.049793149120710534,-0.13767208250274063,0
-0.04971884209269877,-0.1377520934177046,0
-0.049644567922484374,-0.13783202413005685,0
-0.049570326623949904,-0.1379118748273464,0
-0.049496118210782696,-0.13799164569662528,0
-0.04942194269647591,-0.13807133692444998,0
-0.049347800094330006,-0.1381509486968829,0
-0.04927369041745337,-0.13823048119949408,0
-0.04919961367876382,-0.13830993461736263,0
-0.04912556989098965,-0.1383893091350781,0
-0.04905155906667097,-0.1384686049367423,0
-0.04897758121816007,-0.13854782220597064,0
-0.048903636357623785,-0.1386269611258936,0
-0.04882972449704331,-0.13870602187915837,0
-0.04875584564821621,-0.13878500464793028,0
-0.04868199982275709,-0.13886390961389425,0
-0.04860818703209881,-0.13894273695825635,0
-0.04853440728749349,-0.13902148686174526,0
-0.0484606606000136,-0.13910015950461377,0
-0.048386946980553305,-0.1391787550666402,0
-0.04831326643982915,-0.13925727372712987,0
-0.04823961898838115,-0.1393357156649167,0
-0.04816600463657419,-0.13941408105836445,0
-0.0480924233945988,-0.13949237008536824,0
-0.048018875272471825,-0.13957058292335633,0
-0.047945360280038575,-0.13964871974929088,0
-0.047871878426972665,-0.13972678073967007,0
-0.04779842972277767,-0.1398047660705291,0
-0.047725014176788164,-0.1398826759174418,0
-0.047651631798170134,-0.13996051045552207,0
-0.04757828259592275,-0.1400382698594252,0
-0.04750496657887919,-0.14011595430334922,0
-0.04743168375570698,-0.14019356396103666,0
-0.047358434134910116,-0.14027109900577542,0
-0.047285217724828986,-0.14034855961040066,0
-0.04721203453364178,-0.14042594594729596,0
-0.047138884569365685,-0.14050325818839463,0
-0.0470657678398575,-0.14058049650518134,0
-0.04699268435281485,-0.1406576610686932,0
-0.0469196341157769,-0.14073475204952146,0
-0.046846617136125604,-0.14081176961781255,0
-0.046773633421086244,-0.14088871394326977,0
-0.04670068297772879,-0.14096558519515437,0
-0.04662776581296873,-0.14104238354228701,0
-0.04655488193356765,-0.14111910915304923,0
-0.04648203134613469,-0.1411957621953846,0
-0.04640921405712713,-0.14127234283680015,0
-0.046336430072851466,-0.1413488512443677,0
-0.04626367939946399,-0.14142528758472528,0
-0.046190962042972315,-0.14150165202407824,0
-0.04611827800923564,-0.14157794472820082,0
-0.046045627303966094,-0.14165416586243726,0
-0.045973009932729195,-0.1417303155917033,0
-0.04590042590094527,-0.1418063940804873,0
-0.045827875213890056,-0.14188240149285164,0
-0.04575535787669517,-0.14195833799243418,0
-0.04568287389434989,-0.14203420374244913,0
-0.0456104232717012,-0.14210999890568882,0
-0.045538006013455236,-0.14218572364452464,0
-0.04546562212417741,-0.14226137812090858,0
-0.04539327160829428,-0.1423369624963742,0
-0.04532095447009341,-0.1424124769320383,0
-0.04524867071372499,-0.14248792158860168,0
-0.04517642034320198,-0.14256329662635098,0
-0.04510420336240147,-0.14263860220515953,0
-0.04503201977506544,-0.14271383848448868,0
-0.04495986958480123,-0.1427890056233892,0
-0.04488775279508286,-0.14286410378050232,0
-0.04481566940925124,-0.1429391331140612,0
-0.04474361943051574,-0.1430140937818919,0
-0.04467160286195413,-0.14308898594141495,0
-0.04459961970651443,-0.14316380974964615,0
-0.04452766996701446,-0.1432385653631983,0
-0.044455753646143764,-0.1433132529382819,0
-0.044383870746463584,-0.14338787263070682,0
-0.04431202127040821,-0.1434624245958832,0
-0.04424020522028542,-0.14353690898882285,0
-0.04416842259827736,-0.14361132596414034,0
-0.04409667340644144,-0.14368567567605414,0
-0.0440249576467107,-0.14375995827838817,0
-0.04395327532089507,-0.14383417392457248,0
-0.04388162643068194,-0.14390832276764484,0
-0.04381001097763681,-0.1439824049602517,0
-0.04373842896320394,-0.14405642065464952,0
-0.04366688038870753,-0.14413037000270582,0
-0.043595365255351896,-0.14420425315590044,0
-0.04352388356422295,-0.14427807026532663,0
-0.04345243531628798,-0.14435182148169232,0
-0.04338102051239732,-0.14442550695532116,0
-0.04330963915328439,-0.14449912683615376,0
-0.043238291239566705,-0.1445726812737488,0
-0.0431669767717467,-0.14464617041728423,0
-0.043095695750212167,-0.1447195944155583,0
-0.043024448175237054,-0.14479295341699086,0
-0.04295323404698232,-0.14486624756962438,0
-0.042882053365496574,-0.14493947702112508,0
-0.042810906130716586,-0.14501264191878413,0
-0.04273979234246824,-0.14508574240951877,0
-0.04266871200046705,-0.14515877863987328,0
-0.042597665104319025,-0.14523175075602032,0
-0.04252665165352094,-0.14530465890376199,0
-0.042455671647461564,-0.1453775032285307,0
-0.0423847250854222,-0.14545028387539058,0
-0.042313811966576964,-0.14552300098903848,0
-0.04224293228999369,-0.145595654713805,0
-0.04217208605463477,-0.14566824519365573,0
-0.0421012732593578,-0.14574077257219203,0
-0.042030493902915876,-0.14581323699265258,0
-0.04195974798395842,-0.14588563859791412,0
-0.04188903550103235,-0.14595797753049253,0
-0.041818356452581674,-0.14603025393254415,0
-0.04174771083694905,-0.14610246794586665,0
-0.0416770986523761,-0.1461746197119001,0
-0.04160651989700391,-0.14624670937172815,0
-0.04153597456887393,-0.146318737066079,0
-0.04146546266592847,-0.14639070293532644,0
-0.0413949841860111,-0.14646260711949105,0
-0.04132453912686776,-0.14653444975824104,0
-0.04125412748614702,-0.1466062309908935,0
-0.04118374926140062,-0.1466779509564153,0
-0.04111340445008466,-0.14674960979342416,0
-0.04104309304955923,-0.14682120764018974,0
-0.04097281505709019,-0.1468927446346346,0
-0.040902570469848555,-0.1469642209143353,0
-0.040832359284912245,-0.1470356366165234,0
-0.04076218149926572,-0.14710699187808646,0
-0.04069203710980122,-0.14717828683556902,0
-0.040621926113319114,-0.14724952162517377,0
-0.040551848506528494,-0.1473206963827623,0
-0.04048180428604744,-0.14739181124385647,0
-0.0404117934484044,-0.1474628663436391,0
-0.04034181599003789,-0.14753386181695505,0
-0.0402718719072978,-0.14760479779831231,0
-0.040201961196445334,-0.14767567442188292,0
-0.040132083853653855,-0.147746491821504,0
-0.04006223987500963,-0.14781725013067873,0
-0.03999242925651219,-0.14788794948257725,0
-0.03992265199407481,-0.14795859001003778,0
-0.0398529080835251,-0.1480291718455675,0
-0.03978319752060582,-0.14809969512134355,0
-0.039713520300975115,-0.14817015996921404,0
-0.03964387642020721,-0.14824056652069897,0
-0.03957426587379298,-0.1483109149069912,0
-0.03950468865714021,-0.14838120525895743,0
-0.03943514476557435,-0.1484514377071392,0
-0.039365634194339395,-0.14852161238175368,0
-0.03929615693859781,-0.14859172941269483,0
-0.03922671299343103,-0.14866178892953433,0
-0.03915730235384093,-0.14873179106152226,0
-0.039087925014749024,-0.1488017359375884,0
-0.03901858097099805,-0.14887162368634288,0
-0.038949270217351915,-0.14894145443607743,0
-0.03887999274849648,-0.14901122831476588,0
-0.03881074855903979,-0.1490809454500655,0
-0.03874153764351271,-0.1491506059693178,0
-0.03867235999636987,-0.14922020999954927,0
-0.03860321561198931,-0.14928975766747254,0
-0.03853410448467367,-0.14935924909948717,0
-0.03846502660865027,-0.14942868442168067,0
-0.03839598197807212,-0.14949806375982921,0
-0.038326970587017804,-0.1495673872393988,0
-0.038257992429492356,-0.14963665498554593,0
-0.038189047499427385,-0.1497058671231187,0
-0.03812013579068223,-0.14977502377665758,0
-0.038051257297043645,-0.14984412507039632,0
-0.037982412012226956,-0.14991317112826286,0
-0.037913599929875884,-0.14998216207388032,0
-0.037844821043563515,-0.15005109803056768,0
-0.037776075346792934,-0.1501199791213408,0
-0.03770736283299673,-0.15018880546891342,0
-0.037638683495538665,-0.15025757719569768,0
-0.037570037327713426,-0.1503262944238053,0
