-0.09309773090682716,0.05374999999999999,0
-0.0935408841346052,0.053177655037772824,0
-0.09397805218534229,0.05260623259129173,0
-0.09440931962377778,0.05203576047465211,0
-0.09483476961423958,0.05146626538048109,0
-0.09525448394705022,0.050897772917694095,0
-0.09566854306440767,0.05033030764791307,0
-0.09607702608574878,0.04976389312059853,0
-0.09648001083260527,0.04919855190694514,0
-0.09687757385296154,0.048634305632588054,0
-0.09726979044512268,0.048071175009166606,0
-0.09765673468110242,0.04750917986478798,0
-0.0980384794295395,0.04694833917343366,0
-0.0984150963781521,0.04638867108334793,0
-0.09878665605573816,0.04583019294444762,0
-0.09915322785373142,0.04527292133478941,0
-0.09951488004732097,0.04471687208613017,0
-0.09987167981614366,0.04416206030861439,0
-0.10022369326455721,0.043608500414620555,0
-0.10057098544150277,0.043056206141798545,0
-0.10091362035996498,0.042505190575327034,0
-0.10125166101603798,0.04195546616942001,0
-0.10158516940760476,0.04140704476810987,0
-0.1019142065526386,0.040859937625333326,0
-0.10223883250713352,0.040314155424345834,0
-0.10255910638267211,0.03976970829648816,0
-0.10287508636363761,0.0392266058393295,0
-0.10318682972407821,0.03868485713420831,0
-0.10349439284423041,0.03814447076319351,0
-0.10379783122670878,0.03760545482548641,0
-0.10409719951236891,0.037067816953282796,0
-0.10439255149585093,0.03653156432711487,0
-0.10468394014080949,0.0359967036906914,0
-0.10497141759483773,0.03546324136525329,0
-0.10525503520409112,0.03493118326346189,0
-0.10553484352761762,0.03440053490283672,0
-0.10581089235140072,0.03387130141875735,0
-0.106083230702121,0.033343487577045604,0
-0.1063519068606427,0.03281709778614192,0
-0.10661696837523063,0.032292136108890306,0
-0.10687846207450354,0.031768606273944976,0
-0.10713643408012963,0.031246511686811775,0
-0.10739092981926934,0.030725855440537287,0
-0.10764199403677113,0.030206640326056734,0
-0.10788967080712547,0.02968886884221301,0
-0.10813400354618208,0.029172543205457944,0
-0.10837503502263571,0.028657665359245733,0
-0.10861280736928518,0.028144236983129973,0
-0.10884736209407062,0.027632259501573702,0
-0.10907874009089379,0.02712173409248144,0
-0.10930698165022584,0.02661266169546411,0
-0.10953212646950729,0.02610504301984375,0
-0.10975421366334452,0.025598878552408343,0
-0.10997328177350726,0.02509416856492377,0
-0.11018936877873116,0.02459091312141176,0
-0.11040251210432969,0.024089112085200932,0
-0.11061274863161945,0.02358876512575863,0
-0.11082011470716281,0.023089871725310945,0
-0.11102464615183183,0.022592431185256997,0
-0.11122637826969708,0.02209644263238526,0
-0.11142534585674545,0.021601905024897613,0
-0.1116215832094301,0.02110881715824721,0
-0.11181512413305648,0.02061717767079699,0
-0.1120060019500078,0.02012698504930353,0
-0.11219424950781318,0.019638237634232978,0
-0.11237989918706198,0.019150933624913116,0
-0.1125629829091676,0.018665071084528105,0
-0.11274353214398361,0.01818064794495994,0
-0.11292157791727582,0.01769766201148195,0
-0.11309715081805266,0.01721611096730891,0
-0.11327028100575762,0.016735992378008265,0
-0.11344099821732584,0.016257303695776906,0
-0.11360933177410841,0.01578004226358748,0
-0.11377531058866659,0.015304205319208864,0
-0.11393896317143896,0.014829789999104039,0
-0.11410031763728412,0.014356793342209797,0
-0.11425940171190145,0.01388521229360147,0
-0.11441624273813246,0.013415043708046661,0
-0.11457086768214526,0.012946284353451087,0
-0.11472330313950463,0.012478930914200074,0
-0.1148735753411298,0.012012979994398989,0
-0.11502171015914257,0.011548428121015137,0
-0.11516773311260789,0.011085271746925054,0
-0.11531166937316897,0.010623507253869607,0
-0.11545354377057937,0.010163130955319273,0
-0.11559338079813393,0.009704139099253422,0
-0.11573120461800075,0.00924652787085505,0
-0.11586703906645619,0.008790293395124563,0
-0.11600090765902492,0.008335431739414208,0
-0.11613283359552672,0.00788193891588612,0
-0.11626283976503239,0.007429810883896138,0
-0.11639094875073012,0.006979043552305342,0
-0.11651718283470434,0.006529632781722028,0
-0.11664156400262897,0.006081574386675758,0
-0.11676411394837642,0.005634864137725692,0
-0.1168848540785445,0.005189497763504949,0
-0.11700380551690236,0.004745470952703743,0
-0.1171209891087576,0.00430277935599166,0
-0.11723642542524583,0.003861418587882094,0
-0.11735013476754409,0.003421384228540491,0
-0.11746213717101019,0.0029826718255370334,0
-0.11757245240924875,0.002545276895546869,0
-0.11768109999810594,0.0021091949259980348,0
-0.1177880991995941,0.0016744213766696648,0
-0.11789346902574753,0.0012409516812416364,0
-0.11799722824241113,0.000808781248796589,0
-0.11809939537296278,0.00037790546527646644,0
-0.11819998870197128,-5.168030510553878e-05,0
-0.11829902627879041,-0.0004799807184962538,0
-0.11839652592109126,-0.0009070004500754834,0
-0.11849250521833317,-0.0013327441927701974,0
-0.11858698153517495,-0.001757216656007506,0
-0.11867997201482762,-0.0021804225645066645,0
-0.11877149358234934,-0.002602366657107795,0
-0.11886156294788418,-0.0030230536856371065,0
-0.11895019660984543,-0.0034424884138070473,0
-0.1190374108580447,-0.003860675616150808,0
-0.11912322177676785,-0.00427762007698941,0
-0.11920764524779866,-0.0046933265894316305,0
-0.11929069695339141,-0.005107799954404591,0
-0.11937239237919313,-0.005521044979714914,0
-0.11945274681711673,-0.005933066479139393,0
-0.11953177536816577,-0.006343869271544175,0
-0.11960949294521171,-0.00675345818003152,0
-0.1196859142757249,-0.007161838031114093,0
-0.11976105390445985,-0.00756901365391482,0
-0.11983492619609556,-0.007974989879392722,0
-0.11990754533783232,-0.008379771539593137,0
-0.11997892534194504,-0.008783363466922217,0
-0.12004908004829463,-0.00918577049344455,0
-0.12011802312679758,-0.009586997450203557,0
-0.12018576807985511,-0.009987049166564132,0
-0.1202523282447422,-0.010385930469575939,0
-0.12031771679595749,-0.010783646183358583,0
-0.12038194674753454,-0.0111802011285061,0
-0.12044503095531571,-0.011575600121511334,0
-0.12050698211918846,-0.011969847974209542,0
-0.12056781278528562,-0.012362949493240285,0
-0.12062753534814989,-0.012754909479527558,0
-0.12068616205286317,-0.013145732727776978,0
-0.1207437049971415,-0.013535424025990552,0
-0.12080017613339637,-0.01392398815499757,0
-0.12085558727076263,-0.014311429888001199,0
-0.12090995007709403,-0.014697753990141782,0
-0.12096327608092662,-0.015082965218073808,0
-0.12101557667341094,-0.015467068319558833,0
-0.12106686311021315,-0.015850068033072044,0
-0.1211171465133862,-0.016231969087422648,0
-0.12116643787321092,-0.016612776201388457,0
-0.1212147480500083,-0.016992494083362588,0
-0.12126208777592275,-0.01737112743101359,0
-0.12130846765667742,-0.01774868093095798,0
-0.12135389817330194,-0.0181251592584443,0
-0.12139838968383274,-0.01850056707704925,0
-0.12144195242498694,-0.01887490903838522,0
-0.12148459651380995,-0.01924818978181853,0
-0.12152633194929736,-0.019620413934198676,0
-0.12156716861399153,-0.019991586109597847,0
-0.1216071162755533,-0.020361710909060877,0
-0.12164618458830959,-0.02073079292036424,0
-0.12168438309477651,-0.021098836717785684,0
-0.12172172122715949,-0.02146584686188231,0
-0.12175820830882995,-0.021831827899277845,0
-0.12179385355577926,-0.022196784362459164,0
-0.1218286660780505,-0.022560720769580562,0
-0.12186265488114821,-0.022923641624276913,0
-0.12189582886742657,-0.023285551415484527,0
-0.12192819683745638,-0.023646454617269975,0
-0.12195976749137134,-0.02400635568866635,0
-0.12199054943019362,-0.02436525907351713,0
-0.12202055115713963,-0.02472316920032694,0
-0.1220497810789058,-0.025080090482119306,0
-0.12207824750693504,-0.025436027316301388,0
-0.1221059586586641,-0.02579098408453497,0
-0.1221329226587521,-0.02614496515261403,0
-0.1221591475402907,-0.026497974870348343,0
-0.12218464124599612,-0.02685001757145322,0
-0.12220941162938331,-0.02720109757344501,0
-0.12223346645592262,-0.02755121917754223,0
-0.12225681340417915,-0.027900386668572332,0
-0.12227946006693548,-0.028248604314883508,0
-0.12230141395229735,-0.02859587636826222,0
-0.1223226824847831,-0.028942207063855217,0
-0.12234327300639727,-0.029287600620096492,0
-0.12236319277768802,-0.029632061238639606,0
-0.12238244897878925,-0.0299755931042937,0
-0.1224010487104472,-0.030318200384964657,0
-0.12241899899503214,-0.030659887231600385,0
-0.12243630677753545,-0.0310006577781401,0
-0.12245297892655169,-0.03134051614146813,0
-0.12246902223524667,-0.03167946642137141,0
-0.12248444342231146,-0.03201751270050063,0
-0.12249924913290254,-0.032354659044335654,0
-0.1225134459395682,-0.032690909501154004,0
-0.1225270403431616,-0.03302626810200322,0
-0.12254003877374076,-0.03336073886067652,0
-0.12255244759145564,-0.033694325773691594,0
-0.12256427308742221,-0.03402703282027296,0
-0.12257552148458421,-0.034358863962337026,0
-0.12258619893856247,-0.03468982314448047,0
-0.1225963115384922,-0.03501991429397146,0
-0.12260586530784834,-0.03534914132074352,0
-0.12261486620525897,-0.035677508117392315,0
-0.12262332012530729,-0.036005018559175275,0
-0.12263123289932253,-0.03633167650401317,0
-0.12263861029615908,-0.03665748579249504,0
-0.12264545802296509,-0.03698245024788465,0
-0.12265178172593998,-0.037306573676130175,0
-0.12265758699108151,-0.03762985986587537,0
-0.12266287934492233,-0.037952312588473196,0
-0.12266766425525574,-0.03827393559800209,0
-0.12267194713185212,-0.03859473263128318,0
-0.12267573332716464,-0.038914707407900914,0
-0.12267902813702569,-0.039233863630224027,0
-0.12268183680133304,-0.03955220498342977,0
-0.12268416450472695,-0.03986973513552919,0
-0.12268601637725787,-0.04018645773739418,0
-0.12268739749504452,-0.04050237642278664,0
-0.12268831288092334,-0.040817494808388505,0
-0.1226887675050887,-0.04113181649383423,0
-0.12268876628572441,-0.0414453450617443,0
-0.12268831408962669,-0.04175808407776003,0
-0.1226874157328182,-0.04207003709058028,0
-0.12268607598115415,-0.042381207631999304,0
-0.12268429955091993,-0.0426915992169456,0
-0.12268209110942054,-0.04300121534352263,0
-0.12267945527556195,-0.04331005949305042,0
-0.12267639662042486,-0.043618135130108225,0
-0.12267291966783045,-0.043925445702578635,0
-0.12266902889489852,-0.04423199464169261,0
-0.12266472873259798,-0.044537785362075706,0
-0.12266002356629027,-0.04484282126179495,0
-0.12265491773626509,-0.045147105722407224,0
-0.12264941553826914,-0.04545064210900832,0
-0.1226435212240277,-0.045753433770282674,0
-0.12263723900175931,-0.04605548403855445,0
-0.1226305730366834,-0.046356796229839146,0
-0.12262352745152151,-0.04665737364389607,0
-0.12261610632699135,-0.04695721956428144,0
-0.1226083137022946,-0.04725633725840272,0
-0.12260015357559832,-0.04755472997757303,0
-0.12259162990450985,-0.04785240095706659,0
-0.12258274660654525,-0.048149353416174816,0
-0.12257350755959194,-0.048445590558262794,0
-0.12256391660236501,-0.048741115570826776,0
-0.12255397753485767,-0.04903593162555178,0
-0.12254369411878542,-0.04933004187837005,0
-0.12253307007802508,-0.04962344946951976,0
-0.12252210909904744,-0.04991615752360454,0
-0.12251081483134456,-0.05020816914965329,0
-0.12249919088785148,-0.050499487441180185,0
-0.1224872408453624,-0.05079011547624572,0
-0.1224749682449415,-0.05108005631751749,0
-0.12246237659232842,-0.05136931301233182,0
-0.12244946935833843,-0.051657888592755476,0
-0.12243624997925744,-0.05194578607564792,0
-0.12242272185723217,-0.05223300846272363,0
-0.12240888836065499,-0.05251955874061492,0
-0.1223947528245437,-0.052805439880935105,0
-0.12238031855091697,-0.05309065484034159,0
-0.12236558880916451,-0.05337520656059952,0
-0.12235056683641271,-0.05365909796864558,0
-0.1223352558378854,-0.053942331976651985,0
-0.12231965898726037,-0.05422491148209038,0
-0.122303779427021,-0.054506839367796725,0
-0.12228762026880376,-0.05478811850203527,0
-0.12227118459374087,-0.05506875173856361,0
-0.12225447545279913,-0.05534874191669707,0
-0.12223749586711405,-0.055628091861374136,0
-0.12222024882832003,-0.05590680438322104,0
-0.12220273729887618,-0.056184882278617135,0
-0.12218496421238827,-0.056462328329759906,0
-0.1221669324739264,-0.05673914530473041,0
-0.12214864496033899,-0.05701533595755848,0
-0.12213010452056237,-0.05729090302828822,0
-0.12211131397592705,-0.057565849243043164,0
-0.12209227612045988,-0.05784017731409192,0
-0.12207299372118237,-0.058113889939913566,0
-0.12205346951840543,-0.058386989805263106,0
-0.12203370622602056,-0.05865947958123672,0
-0.12201370653178727,-0.058931361925337385,0
-0.1219934730976169,-0.059202639481540316,0
-0.1219730085598532,-0.05947331488035793,0
-0.12195231552954894,-0.05974339073890563,0
-0.12193139659273997,-0.06001286966096671,0
-0.12191025431071491,-0.060281754237057825,0
-0.12188889122028232,-0.06055004704449378,0
-0.12186730983403413,-0.060817750647452866,0
-0.1218455126406061,-0.06108486759704174,0
-0.12182350210493506,-0.06135140043136023,0
-0.1218012806685129,-0.06161735167556601,0
-0.12177885074963739,-0.061882723841939644,0
-0.12175621474366054,-0.062147519429948644,0
-0.12173337502323305,-0.062411740926312353,0
-0.12171033393854645,-0.0626753908050659,0
-0.12168709381757223,-0.06293847152762455,0
-0.12166365696629779,-0.06320098554284773,0
-0.12164002566895986,-0.06346293528710299,0
-0.12161620218827489,-0.06372432318432954,0
-0.12159218876566685,-0.06398515164610206,0
-0.1215679876214922,-0.064245423071694,0
-0.12154360095526211,-0.06450513984814112,0
-0.12151903094586218,-0.06476430435030418,0
-0.12149427975176937,-0.06502291894093223,0
-0.12146934951126645,-0.06528098597072526,0
-0.12144424234265401,-0.06553850777839669,0
-0.1214189603444595,-0.065795486690736,0
-0.12139350559564432,-0.06605192502267071,0
-0.1213678801558083,-0.0663078250773285,0
-0.1213420860653915,-0.06656318914609911,0
-0.12131612534587397,-0.06681801950869577,0
-0.12128999999997278,-0.06707231843321691,0
-0.12126371201183736,-0.06732608817620711,0
-0.12123726334724186,-0.06757933098271818,0
-0.12121065595377548,-0.06783204908637012,0
-0.1211838917610307,-0.06808424470941164,0
-0.12115697268078938,-0.06833592006278032,0
-0.12112990060720638,-0.06858707734616305,0
-0.12110267741699117,-0.0688377187480558,0
-0.1210753049695873,-0.06908784644582348,0
-0.12104778510735004,-0.06933746260575922,0
-0.12102011965572163,-0.06958656938314373,0
-0.12099231042340451,-0.06983516892230432,0
-0.1209643592025328,-0.07008326335667366,0
-0.1209362677688415,-0.07033085480884847,0
-0.12090803788183405,-0.07057794539064766,0
-0.1208796712849476,-0.07082453720317049,0
-0.12085116970571662,-0.07107063233685447,0
-0.1208225348559347,-0.07131623287153288,0
-0.12079376843181422,-0.07156134087649219,0
-0.12076487211414436,-0.07180595841052906,0
-0.12073584756844725,-0.07205008752200745,0
-0.12070669644513256,-0.07229373024891497,0
-0.12067742037964982,-0.07253688861891958,0
-0.12064802099263952,-0.07277956464942537,0
-0.12061849989008215,-0.07302176034762872,0
-0.12058885866344586,-0.0732634777105738,0
-0.12055909888983216,-0.073504718725208,0
-0.12052922213211988,-0.07374548536843717,0
-0.12049922993910814,-0.07398577960718006,0
-0.12046912384565679,-0.07422560339842364,0
-0.12043890537282609,-0.07446495868927691,0
-0.12040857602801423,-0.07470384741702528,0
-0.12037813730509363,-0.07494227150918435,0
-0.12034759068454558,-0.07518023288355359,0
-0.12031693763359359,-0.0754177334482695,0
-0.1202861796063346,-0.07565477510185924,0
-0.12025531804386973,-0.07589135973329258,0
-0.1202243543744327,-0.07612748922203533,0
-0.12019329001351717,-0.07636316543810137,0
-0.12016212636400264,-0.07659839024210463,0
-0.12013086481627909,-0.07683316548531087,0
-0.1200995067483699,-0.07706749300968946,0
-0.12006805352605365,-0.07730137464796472,0
-0.1200365065029846,-0.07753481222366654,0
-0.12000486702081153,-0.07776780755118166,0
-0.11997313640929581,-0.078000362435804,0
-0.11994131598642761,-0.07823247867378494,0
-0.11990940705854117,-0.07846415805238323,0
-0.11987741092042851,-0.0786954023499151,0
-0.11984532885545252,-0.0789262133358033,0
-0.11981316213565793,-0.07915659277062678,0
-0.11978091202188167,-0.07938654240616949,0
-0.1197485797638618,-0.0796160639854692,0
-0.11971616660034555,-0.07984515924286584,0
-0.11968367375919567,-0.08007382990404992,0
-0.11965110245749594,-0.08030207768611045,0
-0.11961845390165553,-0.0805299042975826,0
-0.11958572928751232,-0.08075731143849525,0
-0.11955292980043464,-0.08098430080041844,0
-0.11952005661542252,-0.08121087406650974,0
-0.11948711089720734,-0.08143703291156168,0
-0.11945409380035094,-0.08166277900204758,0
-0.11942100646934292,-0.08188811399616838,0
-0.11938785003869748,-0.08211303954389823,0
-0.11935462563304923,-0.08233755728703018,0
-0.1193213343672476,-0.08256166885922187,0
-0.11928797734645036,-0.08278537588604076,0
-0.11925455566621633,-0.08300867998500897,0
-0.11922107041259702,-0.08323158276564792,0
-0.1191875226622271,-0.08345408582952313,0
-0.11915391348241408,-0.0836761907702884,0
-0.11912024393122704,-0.08389789917372954,0
-0.11908651505758439,-0.08411921261780836,0
-0.11905272790134064,-0.0843401326727061,0
-0.11901888349337217,-0.08456066090086704,0
-0.11898498285566254,-0.08478079885704083,0
-0.11895102700138624,-0.0850005480883259,0
-0.11891701693499196,-0.08521991013421192,0
-0.11888295365228509,-0.08543888652662181,0
-0.11884883814050887,-0.08565747878995422,0
-0.11881467137842515,-0.08587568844112499,0
-0.11878045433639414,-0.08609351698960908,0
-0.1187461879764533,-0.08631096593748186,0
-0.11871187325239524,-0.08652803677946,0
-0.11867751110984513,-0.08674473100294286,0
-0.1186431024863373,-0.08696105008805258,0
-0.1186086483113905,-0.08717699550767517,0
-0.118574149506583,-0.08739256872750018,0
-0.11853960698562661,-0.08760777120606093,0
-0.11850502165444013,-0.08782260439477418,0
-0.11847039441122158,-0.08803706973797991,0
-0.11843572614652025,-0.0882511686729802,0
-0.1184010177433076,-0.08846490263007867,0
-0.1183662700770476,-0.08867827303261923,0
-0.11833148401576649,-0.08889128129702453,0
-0.11829666042012121,-0.08910392883283472,0
-0.11826180014346806,-0.08931621704274517,0
-0.11822690403192973,-0.08952814732264495,0
-0.11819197292446226,-0.08973972106165434,0
-0.1181570076529211,-0.08995093964216214,0
-0.11812200904212641,-0.0901618044398633,0
-0.11808697790992786,-0.09037231682379597,0
-0.11805191506726863,-0.09058247815637827,0
-0.11801682131824882,-0.09079228979344495,0
-0.11798169746018813,-0.09100175308428399,0
-0.11794654428368814,-0.0912108693716727,0
-0.11791136257269375,-0.09141963999191373,0
-0.11787615310455378,-0.09162806627487102,0
-0.11784091665008153,-0.09183614954400524,0
-0.11780565397361412,-0.09204389111640952,0
-0.11777036583307174,-0.09225129230284422,0
-0.11773505298001594,-0.09245835440777218,0
-0.11769971615970747,-0.09266507872939332,0
-0.11766435611116348,-0.09287146655967948,0
-0.11762897356721438,-0.09307751918440856,0
-0.11759356925455955,-0.09328323788319892,0
-0.11755814389382335,-0.09348862392954284,0
-0.1175226981996096,-0.09369367859084113,0
-0.11748723288055639,-0.093898403128436,0
-0.11745174863938974,-0.09410279879764462,0
-0.11741624617297693,-0.09430686684779244,0
-0.11738072617237942,-0.09451060852224606,0
-0.11734518932290498,-0.09471402505844613,0
-0.11730963630415955,-0.09491711768793967,0
-0.11727406779009833,-0.0951198876364128,0
-0.11723848444907675,-0.09532233612372266,0
-0.1172028869439003,-0.09552446436392986,0
-0.11716727593187462,-0.09572627356532969,0
-0.1171316520648545,-0.09592776493048426,0
-0.11709601598929269,-0.09612893965625383,0
-0.11706036834628822,-0.09632979893382788,0
-0.11702470977163394,-0.0965303439487565,0
-0.11698904089586405,-0.09673057588098104,0
-0.11695336234430091,-0.09693049590486494,0
-0.11691767473710128,-0.09713010518922428,0
-0.1168819786893024,-0.09732940489735797,0
-0.11684627481086719,-0.09752839618707823,0
-0.1168105637067297,-0.0977270802107401,0
-0.11677484597683925,-0.09792545811527184,0
-0.1167391222162049,-0.09812353104220402,0
-0.11670339301493889,-0.09832130012769923,0
-0.11666765895830002,-0.09851876650258157,0
-0.11663192062673672,-0.09871593129236528,0
-0.11659617859592902,-0.09891279561728415,0
-0.11656043343683115,-0.09910936059231971,0
-0.11652468571571262,-0.09930562732723054,0
-0.11648893599419977,-0.09950159692658019,0
-0.11645318482931648,-0.09969727048976547,0
-0.11641743277352458,-0.09989264911104465,0
-0.11638168037476385,-0.1000877338795654,0
-0.11634592817649178,-0.10028252587939249,0
-0.11631017671772263,-0.1004770261895352,0
-0.11627442653306642,-0.10067123588397504,0
-0.11623867815276741,-0.1008651560316929,0
-0.11620293210274235,-0.10105878769669593,0
-0.11616718890461795,-0.10125213193804475,0
-0.11613144907576851,-0.10144518980988007,0
-0.11609571312935298,-0.10163796236144933,0
-0.1160599815743514,-0.10183045063713321,0
-0.11602425491560159,-0.10202265567647179,0
-0.11598853365383477,-0.1022145785141907,0
-0.11595281828571143,-0.10240622018022731,0
-0.11591710930385662,-0.10259758169975632,0
-0.11588140719689483,-0.10278866409321544,0
