0.045677272882130054,-0.020336832153790008,0
0.045658527946574476,-0.020623016892585767,0
0.04563833992559183,-0.020908895925804666,0
0.04561671605128491,-0.02119446193458203,0
0.04559366356926786,-0.02147970768731311,0
0.04556918973797828,-0.021764626039152083,0
0.045543301827998546,-0.02204920993151062,0
0.04551600712138675,-0.02233345239155542,0
0.04548731291101656,-0.022617346531705888,0
0.04545722649992633,-0.02290088554913102,0
0.04542575520067717,-0.023184062725246292,0
0.04539290633472005,-0.023466871425209968,0
0.045358687231771624,-0.02374930509741962,0
0.04532310522919895,-0.024031357273008182,0
0.04528616767141273,-0.024313021565340185,0
0.045247881909269295,-0.02459429166950789,0
0.04520825529948094,-0.02487516136182755,0
0.04516729520403473,-0.025155624499335855,0
0.04512500898961977,-0.025435675019286216,0
0.04508140402706244,-0.025715306938645786,0
0.04503648769076999,-0.025994514353592554,0
0.04499026735818226,-0.02627329143901248,0
0.044942750409231166,-0.026551632447997596,0
0.04489394422580829,-0.026829531711344157,0
0.044843856191240254,-0.027106983637051368,0
0.04479249368977178,-0.027383982709820773,0
0.044739864106056564,-0.027660523490555988,0
0.0446859748246556,-0.02793660061586332,0
0.044630833229542984,-0.028212208797553078,0
0.044574446703619375,-0.0284873428221413,0
0.04451682262823262,-0.028761997550352535,0
0.04445796838270567,-0.029036167916623445,0
0.04439789134387174,-0.029309848928607066,0
0.04433659888561663,-0.02958303566667811,0
0.04427409837842806,-0.029855723283439044,0
0.044210397188951985,-0.030127907003227386,0
0.044145502679555686,-0.030399582121623855,0
0.04407942220789804,-0.030670744004961423,0
0.04401216312650611,-0.030941388089835722,0
0.04394373278235875,-0.031211509882616402,0
0.04387413851647666,-0.03148110495895962,0
0.043803387663519,-0.03175016896332183,0
0.04373148755138654,-0.03201869760847461,0
0.043658445500831165,-0.03228668667502084,0
0.043584268825071666,-0.03255413201091223,0
0.04350896482941594,-0.032821029530967806,0
0.043432540810889125,-0.03308737521639433,0
0.043355004057868206,-0.03335316511430731,0
0.0432763618497224,-0.033618395337254074,0
0.04319662145645962,-0.03388306206273789,0
0.0431157901383789,-0.034147161532743615,0
0.04303387514572871,-0.034410690053264685,0
0.042950883718370955,-0.034673643993831875,0
0.042866823085450784,-0.034936019787043304,0
0.0427817004650721,-0.035197813928095976,0
0.04269552306397852,-0.03545902297431919,0
0.04260829807724012,-0.035719643544709044,0
0.04252003268794553,-0.035979672319464806,0
0.04243073406689927,-0.036239106039527146,0
0.0423404093723249,-0.036497941506117314,0
0.042249065749572955,-0.03675617558027877,0
0.04215671033083447,-0.0370138051824199,0
0.04206335023485961,-0.03727082729185866,0
0.04196899256668124,-0.037527238946369015,0
0.04187364441734392,-0.03778303724172877,0
0.041777312863637485,-0.03803821933126959,0
0.04168000496783583,-0.03829278242542845,0
0.04158172777744061,-0.03854672379130093,0
0.04148248832492961,-0.038800040752196396,0
0.04138229362751002,-0.0390527306871948,0
0.04128115068687638,-0.03930479103070551,0
0.04117906648897312,-0.03955621927202794,0
0.04107604800376203,-0.03980701295491363,0
0.04097210218499376,-0.04005716967713088,0
0.04086723596998447,-0.04030668709003051,0
0.040761456279396216,-0.040555562898114184,0
0.04065477001702244,-0.040803794858604005,0
0.04054718406957735,-0.0410513807810144,0
0.040438705306489665,-0.041298318526725886,0
0.04032934057970092,-0.04154460600856043,0
0.040219096723467504,-0.04179024119035917,0
0.04010798055416711,-0.04203522208656188,0
0.03999599887010939,-0.04227954676178821,0
0.03988315845135042,-0.04252321333042112,0
0.039769466059511274,-0.04276621995619217,0
0.03965492843760055,-0.04300856485176887,0
0.03953955230984084,-0.043250246278343764,0
0.03942334438149905,-0.043491262545225756,0
0.03930631133872033,-0.04373161200943335,0
0.039188459848366275,-0.043971293075289644,0
0.03906979655785605,-0.04421030419401986,0
0.038950328095012206,-0.04444864386335014,0
0.03883006106790918,-0.04468631062710901,0
0.03870900206472591,-0.044923303074830515,0
0.038587157653601954,-0.04515961984135939,0
0.03846453438249687,-0.04539525960645834,0
0.03834113877905334,-0.0456302210944173,0
0.0382169773504636,-0.045864503073664555,0
0.038092056583338973,-0.04609810435638038,0
0.03796638294358325,-0.04633102379811204,0
0.03783996287626899,-0.04656326029739132,0
0.03771280280551714,-0.04679481279535386,0
0.037584909134379896,-0.04702568027536063,0
0.03745628824472665,-0.04725586176262144,0
0.037326946497133404,-0.04748535632382026,0
0.0371968902307746,-0.047714163066743004,0
0.03706612576331866,-0.04794228113990699,0
0.036934659390826324,-0.04816970973219251,0
0.03680249738765163,-0.04839644807247669,0
0.03666964600634638,-0.04862249542926898,0
0.036536111477567176,-0.04884785111034899,0
0.03640190000998521,-0.04907251446240632,0
0.03626701779019926,-0.04929648487068231,0
0.036131470982651036,-0.049519761758613966,0
0.03599526572954358,-0.04974234458747985,0
0.035858408150762425,-0.04996423285604789,0
0.035720904343799,-0.05018542610022558,0
0.03558276038367723,-0.05040592389271178,0
0.03544398232288233,-0.050625725842650855,0
0.03530457619129251,-0.050844831595288666,0
0.03516454799611273,-0.0510632408316308,0
0.035023903721811654,-0.05128095326810249,0
0.03488264933006042,-0.05149796865621089,0
0.034740790759674296,-0.051714286782209164,0
0.03459833392655649,-0.05192990746676268,0
0.03445528472364446,-0.05214483056461722,0
0.03431164902085858,-0.05235905596426907,0
0.03416743266505294,-0.052572583587637375,0
0.03402264147996884,-0.052785413389738176,0
0.03387728126618989,-0.05299754535836076,0
0.033731357801100086,-0.05320897951374572,0
0.0335848768388434,-0.053419715908265254,0
0.03343784411028603,-0.05362975462610526,0
0.033290265322980406,-0.053839095782949556,0
0.033142146161131605,-0.054047739525665994,0
0.03299349228556566,-0.05425568603199455,0
0.0328443093337,-0.05446293551023739,0
0.03269460291951576,-0.054669488198951,0
0.03254437863353234,-0.05487534436664006,0
0.03239364204278359,-0.05508050431145357,0
0.03224239869079628,-0.05528496836088259,0
0.03209065409757017,-0.055488736871460276,0
0.03193841375956027,-0.05569181022846343,0
0.03178568314966055,-0.05589418884561649,0
0.03163246771718983,-0.05609587316479704,0
0.03147877288787939,-0.056296863655743414,0
0.03132460406386228,-0.05649716081576416,0
0.031169966623664294,-0.056696765169449555,0
0.031014865922196877,-0.05689567726838486,0
0.030859307290751772,-0.05709389769086544,0
0.030703296036996827,-0.05729142704161409,0
0.030546837444974332,-0.05748826595149979,0
0.030389936775099994,-0.0576844150772588,0
0.030232599264164422,-0.0578798751012172,0
0.030074830125335374,-0.05807464673101574,0
0.029916634548162364,-0.05826873069933613,0
0.029758017698582037,-0.05846212776362948,0
0.02959898471892565,-0.05865483870584647,0
0.029439540727927656,-0.05884686433216938,0
0.029279690820735966,-0.05903820547274596,0
0.029119440068923582,-0.0592288629814251,0
0.02895879352050157,-0.05941883773549444,0
0.028797756199933685,-0.05960813063541955,0
0.02863633310815195,-0.05979674260458527,0
0.02847452922257419,-0.05998467458903842,0
0.028312349497122205,-0.06017192755723276,0
0.028149798862241712,-0.060358502499775445,0
0.027986882224923668,-0.06054440042917524,0
0.027823604468726462,-0.06072962237959273,0
0.027659970453799608,-0.06091416940659208,0
0.027495985016908763,-0.06109804258689467,0
0.027331652971461687,-0.06128124301813448,0
0.02716697910753559,-0.06146377181861516,0
0.027001968191905742,-0.06164563012706884,0
0.026836624968074933,-0.061826819102416754,0
0.026670954156304327,-0.06200733992353148,0
0.02650496045364547,-0.06218719378900095,0
0.026338648533973004,-0.062366381916894226,0
0.026172023048019157,-0.06254490554452875,0
0.02600508862340847,-0.06272276592823965,0
0.02583784986469437,-0.06289996434315033,0
0.025670311353396254,-0.063076502082945,0
0.025502477648037574,-0.0632523804596429,0
0.025334353284185415,-0.06342760080337388,0
0.025165942774490403,-0.06360216446215605,0
0.02499725060872812,-0.06377607280167473,0
0.024828281253841115,-0.06394932720506319,0
0.024659039153982116,-0.06412192907268503,0
0.02448952873055779,-0.06429387982191818,0
0.024319754382273805,-0.06446518088694042,0
0.024149720485180534,-0.0646358337185166,0
0.023979431392719682,-0.06480583978378743,0
0.023808891435771855,-0.06497520056605986,0
0.023638104922704704,-0.06514391756459909,0
0.023467076139422283,-0.06531199229442197,0
0.02329580934941485,-0.0654794262860923,0
0.02312430879380962,-0.0656462210855173,0
0.02295257869142249,-0.06581237825374599,0
0.022780623238810017,-0.06597789936676879,0
0.02260844661032269,-0.06614278601531892,0
0.022436052958158547,-0.06630703980467523,0
0.022263446412417915,-0.0664706623544664,0
0.022090631081158302,-0.06663365529847695,0
0.021917611050450488,-0.06679602028445447,0
0.021744390384435198,-0.06695775897391851,0
0.02157097312538003,-0.06711887304197095,0
0.021397363293737735,-0.06727936417710774,0
0.021223564888204427,-0.06743923408103224,0
0.021049581885779083,-0.0675984844684699,0
0.020875418241823117,-0.0677571170669845,0
0.020701077890120906,-0.06791513361679584,0
0.02052656474294068,-0.06807253587059872,0
0.020351882691096137,-0.06822932559338359,0
0.020177035604008717,-0.06838550456225831,0
0.020002027329770158,-0.06854107456627169,0
0.019826861695205672,-0.06869603740623817,0
0.01965154250593801,-0.06885039489456397,0
0.01947607354645155,-0.06900414885507465,0
0.019300458580157106,-0.06915730112284407,0
0.019124701349457367,-0.0693098535440247,0
0.01894880557581266,-0.06946180797567929,0
0.018772774959807156,-0.06961316628561388,0
0.018596613181215763,-0.06976393035221228,0
0.018420323899071268,-0.06991410206427168,0
0.018243910751731863,-0.07006368332083987,0
0.018067377356949514,-0.07021267603105355,0
0.017890727311938387,-0.07036108211397801,0
0.017713964193443465,-0.07050890349844832,0
0.017537091557810514,-0.07065614212291149,0
0.017360112941055238,-0.07080279993527024,0
0.017183031858933787,-0.07094887889272784,0
0.01700585180701294,-0.07109438096163445,0
0.016828576260741353,-0.07123930811733442,0
0.016651208675520557,-0.07138366234401515,0
0.016473752486776485,-0.07152744563455712,0
0.01629621111003156,-0.07167065999038508,0
0.016118587940976984,-0.07181330742132054,0
0.015940886355545046,-0.07195538994543563,0
0.015763109709982275,-0.07209690958890792,0
0.015585261340922528,-0.07223786838587672,0
0.015407344565460465,-0.07237826837830039,0
0.015229362681225433,-0.07251811161581499,0
0.01505131896645543,-0.07265740015559408,0
0.014873216680071404,-0.07279613606220972,0
0.014695059061752091,-0.07293432140749458,0
0.014516849332008459,-0.07307195827040541,0
0.014338590692259153,-0.07320904873688747,0
0.014160286324905862,-0.07334559489974017,0
0.013981939393408528,-0.073481598858484,0
0.013803553042361484,-0.07361706271922848,0
0.013625130397569424,-0.07375198859454121,0
0.013446674566123461,-0.07388637860331819,0
0.01326818863647769,-0.07402023487065515,0
0.013089675678525849,-0.07415355952772003,0
0.012911138743678037,-0.07428635471162659,0
0.012732580864937709,-0.0744186225653091,0
0.012554005056978998,-0.07455036523739811,0
0.012375414316223797,-0.07468158488209738,0
0.012196811620919484,-0.07481228365906173,0
0.012018199931216538,-0.0749424637332762,0
0.011839582189246129,-0.07507212727493606,0
0.011660961319198462,-0.07520127645932795,0
0.011482340227400516,-0.07532991346671211,0
0.011303721802394287,-0.07545804048220568,0
0.011125108915015289,-0.0755856596956669,0
0.010946504418470933,-0.07571277330158044,0
0.010767911148419013,-0.07583938349894381,0
0.010589331923046424,-0.07596549249115461,0
0.01041076954314796,-0.07609110248589898,0
0.01023222679220505,-0.0762162156950409,0
0.010053706436464863,-0.07634083433451264,0
0.009875211225019267,-0.07646496062420599,0
0.009696743889883798,-0.07658859678786471,0
0.009518307146077019,-0.07671174505297777,0
0.009339903691699753,-0.07683440765067363,0
0.009161536208014298,-0.0769565868156155,0
0.00898320735952361,-0.07707828478589754,0
0.008804919794051177,-0.07719950380294195,0
0.008626676142820023,-0.07732024611139714,0
0.008448479020532309,-0.07744051395903666,0
0.008270331025449175,-0.07756030959665916,0
0.008092234739469586,-0.07767963527798935,0
0.007914192728210789,-0.07779849325957966,0
0.007736207541087198,-0.07791688580071301,0
0.007558281711390282,-0.07803481516330638,0
0.00738041775636825,-0.07815228361181528,0
0.007202618177305626,-0.07826929341313921,0
0.007024885459602819,-0.07838584683652777,0
0.0068472220728558455,-0.07850194615348798,0
0.0066696304709358495,-0.07861759363769216,0
0.006492113092068899,-0.07873279156488686,0
0.006314672358915291,-0.07884754221280257,0
0.0061373106786493355,-0.07896184786106433,0
0.005960030443039074,-0.07907571079110311,0
0.005782834028525337,-0.07918913328606812,0
0.005605723796301784,-0.07930211763073992,0
0.005428702092393791,-0.07941466611144427,0
0.0052517712477384475,-0.07952678101596697,0
0.005074933578263408,-0.07963846463346937,0
0.004898191384966826,-0.07974971925440474,0
0.0047215469539959466,-0.07986054717043548,0
0.004545002556726909,-0.07997095067435102,0
0.004368560449843617,-0.08008093205998668,0
0.0041922228754169176,-0.08019049362214309,0
0.004015992060983594,-0.08029963765650663,0
0.0038398702196256822,-0.08040836645957045,0
0.0036638595500486644,-0.08051668232855635,0
0.0034879622366611202,-0.08062458756133745,0
0.0033121804496529686,-0.08073208445636146,0
0.0031365163450743027,-0.08083917531257494,0
0.0029609720649138123,-0.08094586242934808,0
0.0027855497371777225,-0.08105214810640034,0
0.002610251475967745,-0.08115803464372677,0
0.002435079381559466,-0.08126352434152515,0
0.002260035540480966,-0.0813686195001237,0
0.0020851220255904347,-0.08147332241990961,0
0.001910340896154512,-0.08157763540125829,0
0.0017356941979261309,-0.08168156074446321,0
0.0015611839632223598,-0.08178510074966666,0
0.0013868122110021013,-0.08188825771679091,0
0.0012125809469434262,-0.08199103394547028,0
0.0010384921635215583,-0.08209343173498387,0
0.0008645478400857628,-0.08219545338418881,0
0.0006907499429369596,-0.0822971011914544,0
0.0005171004254045223,-0.08239837745459676,0
0.00034360122792343633,-0.08249928447081419,0
0.00017025427811107754,-0.08259982453662319,0
-2.9385091557989776e-06,-0.08269999994779516,0
-0.00017597523166481839,-0.08279981299929363,0
-0.00034885399979146814,-0.08289926598521236,0
-0.0005215729364223744,-0.08299836119871373,0
-0.0006941301768796274,-0.08309710093196815,0
-0.0008665238688442408,-0.0831954874760938,0
-0.0010387521722808135,-0.08329352312109713,0
-0.0012108132593612515,-0.08339121015581387,0
-0.0013827053143894007,-0.08348855086785086,0
-0.0015544265337254807,-0.08358554754352819,0
-0.0017259751257107654,-0.08368220246782221,0
-0.0018973493105928134,-0.08377851792430895,0
-0.002068547320449679,-0.08387449619510823,0
-0.002239567399115719,-0.0839701395608283,0
-0.002410407802106829,-0.08406545030051113,0
-0.0025810667965454914,-0.08416043069157818,0
-0.0027515426610868164,-0.08425508300977684,0
-0.002921833685844251,-0.08434940952912731,0
-0.0030919381723154655,-0.08444341252187021,0
-0.0032618544333084206,-0.08453709425841459,0
-0.003431580792867927,-0.08463045700728662,0
-0.003601115586201859,-0.08472350303507867,0
-0.0037704571596078548,-0.0848162346063991,0
-0.003939603870400058,-0.08490865398382252,0
-0.0041085540868364984,-0.08500076342784052,0
-0.004277306188045677,-0.08509256519681305,0
-0.0044458585639543255,-0.08518406154692018,0
-0.004614209615214831,-0.0852752547321146,0
-0.004782357753132695,-0.08536614700407431,0
-0.004950301399594795,-0.08545674061215619,0
-0.005118038986997375,-0.08554703780334974,0
-0.005285568958173948,-0.08563704082223161,0
-0.0054528897663242756,-0.0857267519109204,0
-0.005619999874942423,-0.08581617330903205,0
-0.00578689775774622,-0.0859053072536358,0
-0.0059535818986054725,-0.08599415597921045,0
-0.006120050791471968,-0.08608272171760128,0
-0.006286302940308388,-0.08617100669797731,0
-0.0064523368590178745,-0.08625901314678913,0
-0.006618151071374014,-0.08634674328772714,0
-0.006783744110950734,-0.08643419934168028,0
-0.006949114521052459,-0.08652138352669518,0
-0.00711426085464432,-0.08660829805793588,0
-0.007279181674282944,-0.08669494514764381,0
-0.007443875552047301,-0.08678132700509839,0
-0.007608341069469201,-0.086867445836578,0
-0.007772576817464843,-0.08695330384532145,0
-0.007936581396266188,-0.0870389032314897,0
-0.008100353415352366,-0.08712424619212827,0
-0.008263891493381383,-0.08720933492112991,0
-0.008427194258122238,-0.08729417160919772,0
-0.008590260346387185,-0.08737875844380874,0
-0.00875308840396388,-0.08746309760917792,0
-0.008915677085548124,-0.08754719128622246,0
-0.009078025054676725,-0.08763104165252661,0
-0.009240130983660182,-0.08771465088230698,0
-0.009401993553516346,-0.08779802114637796,0
-0.009563611453903598,-0.08788115461211783,0
-0.009724983383054284,-0.08796405344343514,0
-0.009886108047709079,-0.08804671980073545,0
-0.010046984163050537,-0.08812915584088848,0
-0.010207610452637692,-0.08821136371719575,0
-0.010367985648340416,-0.08829334557935839,0
-0.010528108490274123,-0.08837510357344548,0
-0.01068797772673452,-0.08845663984186279,0
-0.010847592114133045,-0.08853795652332168,0
-0.011006950416931957,-0.08861905575280862,0
-0.011166051407580096,-0.08869993966155491,0
-0.011324893866448386,-0.08878061037700677,0
-0.011483476581765923,-0.0888610700227959,0
-0.011641798349556374,-0.0889413207187102,0
-0.011799857973574137,-0.08902136458066504,0
-0.011957654265241098,-0.08910120372067466,0
-0.012115186043583345,-0.08918084024682416,0
-0.012272452135168562,-0.08926027626324155,0
-0.012429451374042862,-0.08933951387007047,0
-0.012586182601668727,-0.08941855516344278,0
-0.012742644666862497,-0.08949740223545201,0
-0.012898836425732241,-0.0895760571741267,0
-0.01305475674161613,-0.08965452206340424,0
-0.013210404485020885,-0.08973279898310513,0
-0.013365778533559995,-0.08981089000890727,0
-0.013520877771892878,-0.08988879721232088,0
-0.013675701091663928,-0.08996652266066349,0
-0.013830247391441591,-0.09004406841703533,0
-0.0139845155766579,-0.09012143654029506,0
-0.014138504559548445,-0.09019862908503568,0
-0.014292213259091982,-0.09027564810156088,0
-0.014445640600950575,-0.09035249563586158,0
-0.014598785517410487,-0.09042917372959274,0
-0.014751646947321933,-0.09050568442005058,0
-0.014904223836040687,-0.09058202974014999,0
-0.015056515135368804,-0.09065821171840216,0
-0.015208519803495668,-0.0907342323788927,0
-0.01536023680493999,-0.09081009374125978,0
-0.015511665110491117,-0.0908857978206727,0
-0.01566280369715093,-0.09096134662781076,0
-0.015813651548076357,-0.09103674216884218,0
-0.015964207652521444,-0.09111198644540355,0
-0.01611447100578026,-0.09118708145457938,0
-0.01626444060912921,-0.09126202918888192,0
-0.016414115469770726,-0.09133683163623128,0
-0.016563494600776062,-0.09141149077993581,0
-0.01671257702102884,-0.09148600859867266,0
-0.01686136175516919,-0.09156038706646859,0
-0.017009847833537102,-0.09163462815268114,0
-0.017158034292117007,-0.09170873382197994,0
-0.017305920172481906,-0.09178270603432825,0
-0.017453504521738255,-0.09185654674496475,0
-0.01760078639247049,-0.09193025790438565,0
-0.017747764842686545,-0.09200384145832681,0
-0.017894438935762456,-0.09207729934774643,0
-0.018040807740388413,-0.09215063350880762,0
-0.018186870330514332,-0.09222384587286139,0
-0.018332625785295802,-0.09229693836642983,0
-0.018478073189040125,-0.09236991291118941,0
-0.018623211631152884,-0.09244277142395468,0
-0.018768040206084476,-0.092515515816662,0
-0.01891255801327712,-0.09258814799635355,0
-0.019056764157111522,-0.09266066986516162,0
-0.019200657746854553,-0.09273308332029297,0
-0.019344237896606577,-0.09280539025401345,0
-0.019487503725249187,-0.09287759255363288,0
-0.019630454356393177,-0.0929496921014901,0
-0.019773088918326742,-0.09302169077493802,0
-0.01991540654396363,-0.09309359044632931,0
-0.020057406370792237,-0.09316539298300175,0
-0.02019908754082397,-0.09323710024726412,0
-0.020340449200542447,-0.09330871409638224,0
-0.020481490500853003,-0.09338023638256501,0
-0.020622210597031662,-0.0934516689529509,0
-0.020762608648675435,-0.09352301364959428,0
-0.020902683819651904,-0.09359427230945233,0
-0.021042435278049415,-0.09366544676437173,0
-0.02118186219612757,-0.09373653884107583,0
-0.021320963750267485,-0.09380755036115182,0
-0.021459739120923305,-0.09387848314103808,0
-0.021598187492572224,-0.09394933899201183,0
-0.021736308053666727,-0.09402011972017671,0
-0.021874099996585454,-0.09409082712645074,0
-0.02201156251758497,-0.09416146300655437,0
-0.022148694816751736,-0.09423202915099863,0
-0.02228549609795441,-0.09430252734507341,0
-0.022421965568795763,-0.09437295936883615,0
-0.02255810244056557,-0.09444332699710029,0
-0.022693905928193307,-0.09451363199942417,0
-0.022829375250200904,-0.0945838761401,0
-0.022964509628656444,-0.09465406117814285,0
-0.023099308289126954,-0.09472418886728001,0
-0.023233770460632602,-0.09479426095594028,0
-0.02336789537560019,-0.09486427918724345,0
-0.023501682269817345,-0.0949342452989901,0
-0.0236351303823867,-0.09500416102365122,0
-0.02376823895568045,-0.0950740280883583,0
-0.023901007235295268,-0.09514384821489319,0
-0.02403343447000681,-0.09521362311967842,0
-0.024165519911725122,-0.09528335451376745,0
-0.024297262815449725,-0.09535304410283522,0
-0.02442866243922575,-0.09542269358716843,0
-0.02455971804409898,-0.09549230466165656,0
-0.02469042889407232,-0.0955618790157824,0
-0.02482079425606171,-0.0956314183336132,0
-0.024950813399852747,-0.09570092429379147,0
-0.02508048559805709,-0.09577039856952632,0
-0.025209810126069678,-0.09583984282858457,0
-0.02533878626202523,-0.09590925873328227,0
-0.025467413286755662,-0.09597864794047613,0
-0.02559569048374797,-0.096048012101555,0
-0.025723617139101197,-0.09611735286243177,0
-0.025851192541484817,-0.09618667186353504,0
-0.025978415982096725,-0.096255970739801,0
-0.026105286754621215,-0.09632525112066558,0
-0.026231804155188002,-0.09639451463005635,0
