-0.04045084971874737,0.029389262614623664,0
-0.04037301325207852,0.029665296238997736,0
-0.04029382879462488,0.029940730803864155,0
-0.04021330494212803,0.030215560653931658,0
-0.0401314502854032,0.030489780222071345,0
-0.04004827340977064,0.030763384028683498,0
-0.03996378289449621,0.031036366681065842,0
-0.03987798731224104,0.03130872287278331,0
-0.03979089522852055,0.031580447383039126,0
-0.03970251520117227,0.03185153507604756,0
-0.03961285577983261,0.03212198090040814,0
-0.0395219255054224,0.03239177988848168,0
-0.03942973290964117,0.032660927155767704,0
-0.03933628651446996,0.03292941790028383,0
-0.03924159483168268,0.03319724740194674,0
-0.03914566636236582,0.03346441102195504,0
-0.03904850959644645,0.03373090420217392,0
-0.03895013301222853,0.03399672246452164,0
-0.03885054507593714,0.03426186141035805,0
-0.038749754241270924,0.03452631671987488,0
-0.038647768948962304,0.03479008415148821,0
-0.0385445976263456,0.0350531595412328,0
-0.03844024868693287,0.0353155388021585,0
-0.038334730529997404,0.03557721792372883,0
-0.03822805154016476,0.03583819297122156,0
-0.03812022008701126,0.03609846008513148,0
-0.038011244524669904,0.036358015480575406,0
-0.0379011331914435,0.036616855446699244,0
-0.03778989440942514,0.036874976346087426,0
-0.03767753648412563,0.0371323746141745,0
-0.03756406770410808,0.03738904675865907,0
-0.03744949634062938,0.03764498935891995,0
-0.03733383064728855,0.03790019906543485,0
-0.0372170788596819,0.03815467259920111,0
-0.03709924919506494,0.038408406751159106,0
-0.03698034985202074,0.03866139838161781,0
-0.03686038901013503,0.03891364441968302,0
-0.0367393748296777,0.03916514186268775,0
-0.036617315451290586,0.0394158877756253,0
-0.03649421899568172,0.039665879290584696,0
-0.03637009356332564,0.03991511360618871,0
-0.03624494723417009,0.040163587987034205,0
-0.03611878806734852,0.040411299763135254,0
-0.03599162410089879,0.04065824632936859,0
-0.035863463351487754,0.04090442514492178,0
-0.035734313814141584,0.04114983373274386,0
-0.03560418346198211,0.0413944696789986,0
-0.03547308024596865,0.041638330632520364,0
-0.035341012094645574,0.04188141430427261,0
-0.03520798691389547,0.04212371846680895,0
-0.03507401258669771,0.0423652409537369,0
-0.03493909697289257,0.04260597965918429,0
-0.034803247908950584,0.04284593253726826,0
-0.034666473207747336,0.043085097601566986,0
-0.034528780658343264,0.04332347292459409,0
-0.03439017802576895,0.04356105663727564,0
-0.03425067305081512,0.04379784692843,0
-0.034110273449828026,0.04403384204425019,0
-0.033968986914509516,0.04426904028778916,0
-0.0338268211117222,0.04450344001844761,0
-0.033683783683299384,0.044737039651464576,0
-0.03353988224585971,0.044969837657410826,0
-0.03339512439062663,0.04520183256168487,0
-0.033249517683252544,0.04543302294401175,0
-0.03310306966364726,0.045663407437944635,0
-0.032955787845811504,0.04589298473036901,0
-0.0328076797176743,0.04612175356100984,0
-0.03265875274093524,0.04634971272194119,0
-0.03250901435091089,0.04657686105709886,0
-0.03235847195638552,0.04680319746179565,0
-0.03220713293946611,0.0470287208822394,0
-0.03205500465544154,0.047253430315053795,0
-0.031902094432645904,0.047477324806801904,0
-0.03174840957232582,0.04770040345351258,0
-0.03159395734851198,0.04792266540020944,0
-0.031438745007894404,0.04814410984044278,0
-0.03128277976970179,0.048364736015824195,0
-0.031126068825584666,0.04858454321556386,0
-0.03096861933950232,0.04880353077601075,0
-0.03081043844761353,0.04902169808019551,0
-0.030651533258171028,0.04923904455737603,0
-0.030491910851419557,0.049455569682585895,0
-0.030331578279497586,0.049671272976185524,0
-0.030170542566342468,0.049886154003416075,0
-0.030008810707599323,0.050100212373956066,0
-0.029846389670533206,0.05031344774148078,0
-0.02968328639394468,0.0505258598032244,0
-0.02951950778808887,0.050737448299544886,0
-0.029355060734597774,0.05094821301349151,0
-0.02918995208640581,0.05115815377037529,0
-0.02902418866767864,0.05136727043734196,0
-0.028857777273745173,0.0515755629229478,0
-0.028690724671032668,0.05178303117673809,0
-0.02852303759700491,0.05198967518882837,0
-0.028354722760103555,0.05219549498948829,0
-0.028185786839692372,0.05240049064872825,0
-0.028016236486004428,0.0526046622758887,0
-0.027846078320092216,0.05280801001923215,0
-0.027675318933780786,0.05301053406553785,0
-0.027503964889623513,0.05321223463969908,0
-0.027332022720860712,0.053413112004323325,0
-0.027159498931381185,0.053613166459334775,0
-0.02698639999568617,0.05381239834157984,0
-0.026812732358856315,0.05401080802443503,0
-0.026638502436520908,0.05420839591741768,0
-0.02646371661483007,0.05440516246579918,0
-0.026288381250429198,0.05460110815022091,0
-0.026112502670436237,0.054796233486312705,0
-0.02593608717242104,0.05499053902431413,0
-0.025759141024387592,0.05518402534869807,0
-0.02558167046475836,0.05537669307779716,0
-0.025403681702361097,0.055568542863432754,0
-0.025225180916417997,0.05575957539054634,0
-0.025046174256537154,0.05594979137683371,0
-0.02486666784270629,0.056139191572381564,0
-0.024686667765288637,0.05632777675930677,0
-0.024506180085021145,0.05651554775139806,0
-0.024325210833014782,0.05670250539376036,0
-0.024143766010756917,0.05688865056246159,0
-0.023961851590115872,0.05707398416418206,0
-0.0237794735133476,0.05725850713586622,0
-0.023596637693104147,0.05744222044437715,0
-0.02341335001244449,0.05762512508615326,0
-0.023229616324846946,0.057807222086867734,0
-0.023045442454223814,0.05798851250109027,0
-0.022860834194937816,0.05816899741195138,0
-0.022675797311820345,0.05834867793080908,0
-0.022490337540191713,0.05852755519691805,0
-0.022304460585883097,0.05870563037710126,0
-0.02211817212526027,0.05888290466542396,0
-0.0219314778052492,0.059059379282870125,0
-0.021744383243363263,0.0592350554770213,0
-0.021556894027732188,0.059409934521737796,0
-0.02136901571713272,0.05958401771684235,0
-0.021180753841020892,0.05975730638780607,0
-0.020992113899565894,0.059929801885436784,0
-0.020803101363685534,0.06010150558556978,0
-0.02061372167508337,0.06027241888876079,0
-0.020423980246287218,0.06044254321998141,0
-0.020233882460689294,0.06061188002831674,0
-0.020043433672587718,0.06078043078666544,0
-0.01985263920722967,0.060948196991442,0
-0.019661504360855814,0.06111518016228129,0
-0.019470034400746114,0.0612813818417455,0
-0.019278234565267244,0.06144680359503323,0
-0.019086110063921122,0.061611447009690845,0
-0.01889366607739491,0.061775313695326156,0
-0.018700907757612302,0.06193840528332426,0
-0.018507840227786107,0.062100723426565634,0
-0.018314468582472047,0.06226226979914642,0
-0.01812079788762393,0.06242304609610092,0
-0.01792683318064985,0.06258305403312632,0
-0.01773257947046978,0.0627422953463095,0
-0.01753804173757421,0.06290077179185612,0
-0.017343224934084026,0.06305848514582177,0
-0.01714813398381143,0.06321543720384531,0
-0.01695277378232206,0.06337162978088438,0
-0.016757149196998194,0.06352706471095294,0
-0.016561265067102954,0.06368174384686097,0
-0.016365126203845604,0.06383566905995633,0
-0.016168737390447923,0.0639888422398686,0
-0.015972103382211545,0.06414126529425505,0
-0.015775228906586215,0.06429294014854872,0
-0.015578118663239222,0.06444386874570847,0
-0.015380777324125525,0.0645940530459711,0
-0.015183209533559025,0.0647434950266056,0
-0.014985419908284668,0.06489219668166928,0
-0.014787413037551366,0.06504016002176594,0
-0.014589193483186007,0.06518738707380614,0
-0.014390765779668057,0.06533387988076936,0
-0.014192134434205228,0.06547964050146818,0
-0.013993303926809865,0.06562467101031436,0
-0.013794278710376136,0.06576897349708699,0
-0.01359506321075804,0.06591255006670248,0
-0.01339566182684822,0.06605540283898652,0
-0.013196078930657433,0.06619753394844802,0
-0.012996318867394841,0.06633894554405478,0
-0.012796385955549041,0.06647963978901131,0
-0.012596284486969735,0.06661961886053834,0
-0.012396018726950115,0.06675888494965425,0
-0.012195592914309945,0.06689744026095844,0
-0.011995011261479291,0.0670352870124165,0
-0.01179427795458289,0.06717242743514716,0
-0.011593397153525196,0.06730886377321121,0
-0.011392372992075928,0.06744459828340214,0
-0.011191209577956327,0.06757963323503859,0
-0.010989910992925978,0.06771397090975863,0
-0.010788481292870184,0.06784761360131589,0
-0.010586924507887861,0.06798056361537728,0
-0.010385244642380066,0.06811282326932272,0
-0.010183445675139024,0.0682443948920464,0
-0.009981531559437587,0.06837528082375989,0
-0.009779506223119343,0.06850548341579707,0
-0.009577373568689032,0.06863500503042054,0
-0.009375137473403692,0.06876384804063003,0
-0.009172801789363982,0.06889201482997227,0
-0.00897037034360619,0.06901950779235266,0
-0.00876784693819451,0.06914632933184864,0
-0.00856523535031391,0.06927248186252469,0
-0.008362539332363233,0.06939796780824896,0
-0.008159762612048878,0.06952278960251156,0
-0.007956908892478716,0.0696469496882446,0
-0.007753981852256509,0.06977045051764363,0
-0.007550985145576631,0.06989329455199092,0
-0.007347922402319116,0.07001548426148019,0
-0.00714479722814516,0.07013702212504301,0
-0.0069416132045928645,0.07025791063017676,0
-0.006738373889173299,0.0703781522727742,0
-0.006535082815466955,0.07049774955695447,0
-0.006331743493220381,0.07061670499489583,0
-0.006128359408443309,0.07073502110666986,0
-0.00592493402350577,0.07085270042007707,0
-0.005721470777235757,0.07096974547048428,0
-0.005517973085017001,0.07108615880066327,0
-0.005314444338887011,0.07120194296063106,0
-0.005110887907635405,0.07131710050749171,0
-0.004907307136902463,0.07143163400527945,0
-0.004703705349277792,0.07154554602480342,0
-0.004500085844399419,0.07165883914349384,0
-0.004296451899052855,0.0717715159452496,0
-0.004092806767270498,0.07188357902028722,0
-0.003889153680431219,0.07199503096499146,0
-0.003685495847360016,0.07210587438176715,0
-0.0034818364544279717,0.07221611187889243,0
-0.0032781786656523267,0.07232574607037355,0
-0.0030745256227965663,0.07243477957580088,0
-0.002870880445470884,0.07254321502020646,0
-0.0026672462312326718,0.07265105503392273,0
-0.002463626055687018,0.07275830225244288,0
-0.0022600229725875166,0.07286495931628229,0
-0.0020564400139371016,0.07297102887084143,0
-0.00185288019008901,0.07307651356627021,0
-0.0016493464898476931,0.07318141605733333,0
-0.0014458418805701075,0.07328573900327735,0
-0.0012423693082668076,0.07338948506769874,0
-0.001038931697703251,0.07349265691841333,0
-0.0008355319525011795,0.07359525722732715,0
-0.000632172955239912,0.07369728867030838,0
-0.0004288575675579306,0.07379875392706065,0
-0.00022558863025428508,0.0738996556809976,0
-2.2368963390182472e-05,0.0739999966191187,0
0.00018079863360948554,0.07409977943188621,0
0.00038391138185450447,0.07419900681310354,0
0.0005869665228878056,0.07429768145979464,0
0.0007899613185837502,0.07439580607208478,0
0.0009928930510465484,0.07449338335308237,0
0.0011957590225086323,0.07459041600876211,0
0.001398556555229028,0.07468690674784927,0
0.0016012829913917383,0.07478285828170508,0
0.0018039356930041345,0.07487827332421343,0
0.0020065120417954185,0.07497315459166859,0
0.002209009439115098,0.07506750480266418,0
0.0024114253058313984,0.07516132667798317,0
0.0026137570822299416,0.0752546229404892,0
0.0028160022279121676,0.07534739631501877,0
0.0030181582216940697,0.0754396495282748,0
0.0032202225615048934,0.07553138530872108,0
0.0034221927642857936,0.07562260638647798,0
0.0036240663658887585,0.0757133154932192,0
0.0038258409209754513,0.07580351536206947,0
0.004027514002916165,0.07589320872750359,0
0.004229083203688926,0.0759823983252463,0
0.004430546133778569,0.07607108689217326,0
0.004631900422075962,0.07615927716621324,0
0.004833143715777404,0.07624697188625104,0
0.005034273680283965,0.0763341737920318,0
0.005235287999101042,0.07642088562406606,0
0.005436184373738012,0.07650711012353587,0
0.0056369605236079425,0.07659285003220212,0
0.005837614185927481,0.07667810809231261,0
0.0060381431156168505,0.07676288704651127,0
0.006238545085199947,0.0768471896377483,0
0.006438817884704569,0.07693101860919124,0
0.006638959321562818,0.07701437670413723,0
0.006838967220511607,0.07709726666592591,0
0.0070388394234932785,0.0771796912378535,0
0.00723857378955646,0.07726165316308777,0
0.007438168194756963,0.07734315518458391,0
0.007637620532058923,0.0774242000450014,0
0.007836928711236013,0.07750479048662172,0
0.008036090658772874,0.07758492925126702,0
0.008235104317766698,0.07766461908021971,0
0.008433967647828958,0.07774386271414292,0
0.008632678624987336,0.0778226628930019,0
0.008831235241587795,0.07790102235598623,0
0.00902963550619683,0.07797894384143297,0
0.009227877443503922,0.07805643008675071,0
0.00942595909422412,0.07813348382834433,0
0.009623878515000898,0.0782101078015408,0
0.009821633778309108,0.07828630474051582,0
0.010019222972358155,0.07836207737822104,0
0.010216644200995412,0.07843742844631253,0
0.010413895583609743,0.07851236067507973,0
0.010610975255035288,0.07858687679337538,0
0.010807881365455444,0.07866097952854627,0
0.011004612080307018,0.07873467160636473,0
0.011201165580184629,0.07880795575096097,0
0.011397540060745278,0.07888083468475623,0
0.011593733732613144,0.07895331112839667,0
0.011789744821284621,0.07902538780068802,0
0.011985571567033518,0.0790970674185311,0
0.01218121222481651,0.0791683526968581,0
0.012376665064178826,0.07923924634856944,0
0.012571928369160114,0.07930975108447162,0
0.012767000438200575,0.0793798696132157,0
0.012961879584047296,0.07944960464123657,0
0.013156564133660826,0.07951895887269281,0
0.013351052428121958,0.07958793500940756,0
0.013545342822538785,0.0796565357508098,0
0.01373943368595396,0.0797247637938766,0
0.01393332340125221,0.07979262183307591,0
0.014127010365068065,0.07986011256031013,0
0.014320492987693844,0.0799272386648604,0
0.014513769692987899,0.07999400283333152,0
0.014706838918283081,0.08006040774959756,0
0.014899699114295418,0.08012645609474821,0
0.015092348745033138,0.08019215054703574,0
0.015284786287705826,0.0802574937818227,0
0.015477010232633927,0.08032248847153015,0
0.015669019083158407,0.08038713728558672,0
0.015860811355550803,0.08045144289037817,0
0.01605238557892336,0.08051540794919768,0
0.016243740295139527,0.08057903512219672,0
0.016434874058724715,0.08064232706633663,0
0.016625785436777302,0.08070528643534076,0
0.016816473008879826,0.08076791587964723,0
0.017006935367010534,0.08083021804636234,0
0.017197171115455174,0.08089219557921462,0
0.017387178870718997,0.08095385111850936,0
0.017576957261439093,0.08101518730108387,0
0.017766504928296945,0.08107620676026325,0
0.01795582052393124,0.08113691212581686,0
0.018144902712851,0.08119730602391517,0
0.01833375017134899,0.08125739107708738,0
0.018522361587415284,0.08131716990417953,0
0.01871073566065125,0.0813766451203132,0
0.01889887110218368,0.0814358193368447,0
0.019086766634579252,0.0814946951613249,0
0.019274420991759324,0.08155327519745967,0
0.019461832918914863,0.08161156204507058,0
0.019649001172421774,0.08166955830005652,0
0.019835924519756437,0.0817272665543556,0
0.020022601739411523,0.08178468939590759,0
0.02020903162081216,0.08184182940861708,0
0.02039521296423226,0.08189868917231691,0
0.02058114458071122,0.08195527126273226,0
0.020766825291970863,0.08201157825144524,0
0.020952253930332655,0.08206761270585997,0
0.021137429338635244,0.08212337718916808,0
0.02132235037015219,0.08217887426031487,0
0.02150701588851008,0.08223410647396581,0
0.02169142476760689,0.08228907638047363,0
0.02187557589153059,0.08234378652584576,0
0.022059468154478068,0.08239823945171244,0
0.022243100460674316,0.08245243769529512,0
0.022426471724291946,0.0825063837893754,0
0.02260958086937097,0.08256008026226445,0
0.022792426829738793,0.0826135296377729,0
0.022975008548930635,0.08266673443518101,0
0.02315732498011007,0.08271969716920963,0
0.023339375085989992,0.08277242034999126,0
0.023521157838753824,0.08282490648304174,0
0.023702672219976944,0.08287715806923228,0
0.0238839172205485,0.08292917760476205,0
0.024064891840593444,0.08298096758113103,0
0.02424559508939489,0.08303253048511343,0
0.024426025985316735,0.0830838687987314,0
0.024606183555726566,0.08313498499922926,0
0.024786066836918915,0.08318588155904806,0
0.02496567487403866,0.0832365609458006,0
0.025145006721004906,0.08328702562224685,0
0.025324061440434982,0.08333727804626967,0
0.025502838103568834,0.08338732067085106,0
0.02568133579019363,0.08343715594404874,0
0.02585955358856874,0.08348678630897305,0
0.02603749059535094,0.08353621420376435,0
0.026215145915519867,0.08358544206157069,0
0.026392518662303906,0.08363447231052594,0
0.026569607957106212,0.08368330737372819,0
0.026746412929431067,0.08373194966921858,0
0.026922932716810614,0.08378040160996056,0
0.027099166464731712,0.08382866560381927,0
0.02727511332656325,0.0838767440535416,0
0.027450772463483604,0.08392463935673626,0
0.02762614304440849,0.08397235390585449,0
0.027801224245919035,0.0840198900881709,0
0.027976015252190192,0.08406725028576477,0
0.028150515254919375,0.08411443687550163,0
0.028324723453255443,0.08416145222901515,0
0.0284986390537279,0.08420829871268944,0
0.028672261270176497,0.08425497868764158,0
0.028845589323680986,0.08430149450970452,0
0.02901862244249126,0.0843478485294103,0
0.029191359861957714,0.08439404309197353,0
0.02936380082446193,0.08444008053727525,0
0.029535944579347644,0.08448596319984704,0
0.029707790382851984,0.08453169340885543,0
0.02987933749803701,0.08457727348808665,0
0.030050585194721483,0.08462270575593167,0
0.03022153274941303,0.0846679925253715,0
0.030392179445240457,0.08471313610396271,0
0.030562524571886473,0.08475813879382348,0
0.030732567425520576,0.08480300289161959,0
0.03090230730873234,0.08484773068855098,0
0.03107174353046491,0.08489232447033844,0
0.031240875405948762,0.08493678651721052,0
0.03140970225663581,0.08498111910389095,0
0.031578223410133784,0.08502532449958594,0
0.03174643820014082,0.08506940496797219,0
0.0319143459663804,0.08511336276718476,0
0.03208194605453658,0.0851572001498054,0
0.03224923781618938,0.08520091936285122,0
0.03241622060875063,0.08524452264776328,0
0.03258289379540001,0.08528801224039578,0
0.03274925674502127,0.08533139037100529,0
0.03291530883213891,0.08537465926424033,0
0.033081049436855005,0.085417821139131,0
0.03324647794478637,0.08546087820907912,0
0.03341159374700196,0.08550383268184837,0
0.0335763962399606,0.08554668675955476,0
0.03374088482544896,0.08558944263865731,0
0.03390505891051973,0.08563210250994897,0
0.03406891790743023,0.0856746685585477,0
0.03423246123358116,0.08571714296388784,0
0.03439568831145568,0.08575952789971161,0
0.034558598568558765,0.08580182553406095,0
0.03472119143735678,0.08584403802926939,0
0.03488346635521739,0.0858861675419543,0
0.03504542276434977,0.08592821622300921,0
0.035207060111744924,0.08597018621759643,0
0.03536837784911645,0.08601207966513981,0
0.035529375432841515,0.08605389869931768,0
0.035690052323902044,0.086095645448056,0
0.035850407987826266,0.08613732203352177,0
0.03601044189463047,0.0861789305721165,0
0.036170153518761045,0.08622047317446994,0
0.03632954233903678,0.08626195194543403,0
0.03648860783859144,0.08630336898407685,0
0.036647349504816566,0.08634472638367706,0
0.03680576682930468,0.08638602623171814,0
0.036963859307792515,0.08642727060988308,0
0.03712162644010475,0.08646846159404915,0
0.03727906773009782,0.08650960125428285,0
0.037436182685604155,0.08655069165483492,0
0.03759297081837654,0.08659173485413565,0
0.03774943164403276,0.08663273290479032,0
0.037905564682000605,0.08667368785357475,0
0.03806136945546304,0.086714601741431,0
0.03821684549130366,0.0867554766034633,0
0.038371992320052374,0.08679631446893403,0
0.03852680947583144,0.08683711736125993,0
0.03868129649630163,0.0868778872980084,0
0.038835452922608725,0.08691862629089399,0
0.03898927829933031,0.08695933634577496,0
0.0391427721744227,0.08700001946265006,0
0.03929593409916823,0.08704067763565537,0
0.03944876362812273,0.08708131285306138,0
0.039601260319063344,0.08712192709727,0
0.03975342373293642,0.08716252234481205,0
0.03990525343380593,0.0872031005663444,0
0.04005674898880183,0.08724366372664766,0
0.040207909968068924,0.08728421378462384,0
0.040358735944715826,0.087324752693294,0
0.04050922649476423,0.08736528239979624,0
0.04065938119709844,0.08740580484538367,0
0.04080919963341514,0.08744632196542247,0
0.04095868138817329,0.08748683568939024,0
0.041107826048544516,0.08752734794087426,0
0.041256633204363534,0.08756786063756992,0
0.041405102448078906,0.08760837569127938,0
0.04155323337470401,0.0876488950079101,0
0.04170102558176829,0.08768942048747369,0
0.04184847866926871,0.08772995402408476,0
0.04199559223962147,0.08777049750595989,0
0.04214236589761397,0.08781105281541662,0
0.04228879925035702,0.08785162182887274,0
0.04243489190723723,0.08789220641684539,0
0.042580643479869715,0.08793280844395052,0
0.042726053582051,0.08797342976890225,0
0.042871121829712214,0.08801407224451237,0
0.043015847840872375,0.08805473771769004,0
0.04316023123559215,0.08809542802944138,0
0.04330427163592758,0.0881361450148693,0
0.0434479686658843,0.08817689050317327,0
0.04359132195137176,0.08821766631764937,0
0.043734331120157885,0.08825847427569018,0
0.04387699580182382,0.0882993161887849,0
0.04401931562771894,0.08834019386251954,0
0.04416129023091615,0.08838110909657712,0
0.04430291924616739,0.08842206368473791,0
0.0444442023098593,0.08846305941487992,0
0.04458513905996922,0.0885040980689792,0
0.04472572913602136,0.08854518142311038,0
0.04486597217904317,0.08858631124744729,0
0.04500586783152208,0.08862748930626348,0
0.04514541573736222,0.08866871735793301,0
0.045284615541841614,0.08870999715493108,0
0.04542346689156943,0.08875133044383493,0
0.04556196943444362,0.08879271896532458,0
0.04570012281960852,0.08883416445418386,0
