0.1075,0.0,0
0.1075496137990534,-0.00028822157181605324,0
0.10759845665582136,-0.0005763031193104936,0
0.10764653075937282,-0.0008642427155606994,0
0.10769383829828871,-0.001152038446422891,0
0.10774038146062377,-0.0014396884104799377,0
0.10778616243386824,-0.0017271907189893001,0
0.10783118340491027,-0.0020145434958311016,0
0.1078754465599985,-0.002301744877456333,0
0.10791895408470509,-0.002588793012835185,0
0.10796170816388895,-0.002875686063405521,0
0.10800371098165944,-0.0031624222030214753,0
0.10804496472134041,-0.0034489996179021872,0
0.1080854715654345,-0.00373541650658067,0
0.10812523369558771,-0.0040216710798528085,0
0.10816425329255461,-0.004307761560726497,0
0.10820253253616341,-0.004593686184370907,0
0.10824007360528183,-0.004879443198065892,0
0.10827687867778296,-0.005165030861151519,0
0.10831294993051159,-0.005450447444977751,0
0.10834828953925085,-0.005735691232854245,0
0.10838289967868908,-0.006020760520000304,0
0.10841678252238715,-0.006305653613494948,0
0.10844994024274601,-0.006590368832227131,0
0.10848237501097456,-0.006874904506846092,0
0.10851408899705782,-0.007159258979711844,0
0.10854508436972544,-0.007443430604845786,0
0.1085753632964205,-0.007727417747881475,0
0.10860492794326856,-0.00801121878601551,0
0.1086337804750472,-0.008294832107958573,0
0.10866192305515548,-0.008578256113886594,0
0.10868935784558419,-0.008861489215392055,0
0.10871608700688594,-0.00914452983543544,0
0.10874211269814583,-0.009427376408296804,0
0.10876743707695233,-0.009710027379527504,0
0.10879206229936839,-0.00999248120590205,0
0.10881599051990287,-0.01027473635537009,0
0.10883922389148236,-0.010556791307008553,0
0.10886176456542304,-0.010838644550973909,0
0.10888361469140313,-0.011120294588454574,0
0.10890477641743532,-0.011401739931623469,0
0.10892525188983963,-0.011682979103590679,0
0.10894504325321665,-0.011964010638356297,0
0.10896415265042073,-0.012244833080763368,0
0.10898258222253378,-0.01252544498645099,0
0.10900033410883914,-0.012805844921807545,0
0.10901741044679575,-0.013086031463924083,0
0.10903381337201266,-0.013366003200547823,0
0.10904954501822368,-0.013645758730035807,0
0.10906460751726238,-0.01392529666130869,0
0.10907900299903733,-0.014204615613804662,0
0.1090927335915076,-0.014483714217433523,0
0.10910580142065848,-0.01476259111253087,0
0.10911820861047745,-0.015041244949812457,0
0.10912995728293053,-0.015319674390328664,0
0.10914104955793864,-0.01559787810541912,0
0.10915148755335446,-0.015875854776667458,0
0.10916127338493938,-0.016153603095856214,0
0.10917040916634067,-0.016431121764921848,0
0.10917889700906909,-0.016708409495909942,0
0.10918673902247646,-0.01698546501093049,0
0.10919393731373372,-0.017262287042113345,0
0.10920049398780912,-0.017538874331563814,0
0.10920641114744656,-0.017815225631318387,0
0.10921169089314431,-0.01809133970330058,0
0.10921633532313395,-0.01836721531927697,0
0.1092203465333594,-0.018642851260813286,0
0.10922372661745629,-0.018918246319230742,0
0.10922647766673162,-0.0191933992955624,0
0.10922860177014346,-0.019468309000509748,0
0.10923010101428103,-0.019742974254399397,0
0.10923097748334494,-0.02001739388713988,0
0.10923123325912765,-0.02029156673817865,0
0.10923087042099416,-0.020565491656459153,0
0.10922989104586296,-0.020839167500378085,0
0.10922829720818705,-0.021112593137742764,0
0.10922609097993537,-0.021385767445728635,0
0.10922327443057428,-0.02165868931083693,0
0.10921984962704938,-0.021931357628852465,0
0.1092158186337674,-0.022203771304801542,0
0.10921118351257844,-0.02247592925291001,0
0.10920594632275833,-0.02274783039656148,0
0.10920010912099119,-0.023019473668255658,0
0.10919367396135225,-0.02329085800956678,0
0.10918664289529083,-0.023561982371102266,0
0.1091790179716135,-0.023832845712461425,0
0.10917080123646754,-0.024103447002194342,0
0.10916199473332444,-0.024373785217760905,0
0.10915260050296374,-0.024643859345489925,0
0.10914262058345699,-0.024913668380538448,0
0.1091320570101519,-0.025183211326851147,0
0.10912091181565674,-0.0254524871971199,0
0.10910918702982485,-0.025721495012743456,0
0.1090968846797394,-0.025990233803787278,0
0.10908400678969832,-0.026258702608943484,0
0.10907055538119938,-0.026526900475490944,0
0.10905653247292554,-0.02679482645925551,0
0.10904194008073037,-0.027062479624570368,0
0.10902678021762378,-0.02732985904423654,0
0.1090110548937578,-0.0275969637994835,0
0.10899476611641258,-0.027863792979929948,0
0.10897791588998273,-0.028130345683544694,0
0.10896050621596354,-0.028396621016607684,0
0.10894253909293755,-0.028662618093671162,0
0.10892401651656138,-0.028928336037520954,0
0.10890494047955251,-0.02919377397913793,0
0.10888531297167645,-0.029458931057659496,0
0.10886513597973387,-0.02972380642034133,0
0.10884441148754802,-0.029988399222519193,0
0.10882314147595246,-0.030252708627570877,0
0.10880132792277857,-0.03051673380687828,0
0.10877897280284363,-0.03078047393978965,0
0.10875607808793877,-0.031043928213581897,0
0.10873264574681729,-0.03130709582342308,0
0.10870867774518302,-0.03156997597233501,0
0.10868417604567882,-0.031832567871156014,0
0.10865914260787533,-0.03209487073850377,0
0.10863357938825992,-0.032356883800738305,0
0.10860748834022557,-0.03261860629192515,0
0.1085808714140601,-0.03288003745379856,0
0.10855373055693555,-0.03314117653572494,0
0.10852606771289762,-0.03340202279466631,0
0.10849788482285531,-0.03366257549514399,0
0.10846918382457073,-0.03392283390920234,0
0.108439966652649,-0.03418279731637269,0
0.10841023523852837,-0.03444246500363735,0
0.10837999151047044,-0.03470183626539375,0
0.10834923739355053,-0.03496091040341875,0
0.1083179748096482,-0.035219686726833024,0
0.10828620567743792,-0.03547816455206564,0
0.10825393191237993,-0.03573634320281867,0
0.10822115542671111,-0.035994222010031995,0
0.10818787812943606,-0.03625180031184826,0
0.10815410192631847,-0.03650907745357785,0
0.1081198287198723,-0.036766052787664136,0
0.10808506040935345,-0.037022725673648685,0
0.10804979889075127,-0.03727909547813673,0
0.10801404605678043,-0.037535161574762714,0
0.10797780379687279,-0.03779092334415593,0
0.10794107399716946,-0.03804638017390633,0
0.10790385854051293,-0.038301531458530456,0
0.10786615930643945,-0.038556376599437454,0
0.10782797817117142,-0.03881091500489525,0
0.10778931700760992,-0.039065146089996824,0
0.10775017768532752,-0.039319069276626636,0
0.10771056207056097,-0.039572683993427185,0
0.10767047202620424,-0.039825989675765575,0
0.1076299094118015,-0.0400789857657004,0
0.10758887608354042,-0.0403316717119486,0
0.10754737389424542,-0.04058404696985244,0
0.10750540469337111,-0.04083611100134671,0
0.10746297032699588,-0.04108786327492598,0
0.10742007263781556,-0.04133930326561196,0
0.10737671346513723,-0.041590430454921036,0
0.10733289464487313,-0.04184124433083187,0
0.10728861800953471,-0.042091744387753156,0
0.10724388538822674,-0.0423419301264915,0
0.10719869860664168,-0.04259180105421936,0
0.1071530594870539,-0.04284135668444322,0
0.10710696984831433,-0.04309059653697175,0
0.107060431505845,-0.043339520137884176,0
0.10701344627163371,-0.043588127019498754,0
0.106966015954229,-0.043836416720341304,0
0.10691814235873495,-0.04408438878511395,0
0.10686982728680627,-0.044332042764663904,0
0.10682107253664351,-0.04457937821595243,0
0.1067718799029883,-0.04482639470202385,0
0.10672225117711867,-0.04507309179197472,0
0.10667218814684461,-0.045319469060923136,0
0.10662169259650357,-0.045565526089978124,0
0.10657076630695626,-0.045811262466209104,0
0.10651941105558228,-0.046056677782615574,0
0.10646762861627618,-0.046301771638096845,0
0.10641542075944331,-0.04654654363742186,0
0.10636278925199606,-0.04679099339119921,0
0.1063097358573499,-0.0470351205158472,0
0.10625626233541977,-0.04727892463356403,0
0.10620237044261649,-0.04752240537229816,0
0.10614806193184316,-0.04776556236571869,0
0.10609333855249181,-0.048008395253185926,0
0.1060382020504401,-0.04825090367972202,0
0.105982654168048,-0.04849308729598173,0
0.1059266966441548,-0.048734945758223326,0
0.10587033121407596,-0.04897647872827955,0
0.1058135596096002,-0.04921768587352873,0
0.10575638355898669,-0.04945856686686598,0
0.10569880478696222,-0.04969912138667455,0
0.10564082501471864,-0.04993934911679725,0
0.10558244595991009,-0.05017924974650797,0
0.1055236693366508,-0.05041882297048335,0
0.10546449685551237,-0.05065806848877456,0
0.10540493022352171,-0.05089698600677916,0
0.10534497114415864,-0.05113557523521308,0
0.10528462131735385,-0.0513738358900827,0
0.10522388243948683,-0.0516117676926571,0
0.10516275620338388,-0.05184937036944031,0
0.10510124429831617,-0.05208664365214376,0
0.1050393484099981,-0.052323587277658776,0
0.10497707022058536,-0.05256020098802926,0
0.1049144114086735,-0.05279648453042438,0
0.10485137364929621,-0.05303243765711145,0
0.10478795861392394,-0.05326806012542885,0
0.10472416797046247,-0.053503351697759105,0
0.10466000338325157,-0.05373831214150206,0
0.10459546651306381,-0.05397294122904811,0
0.10453055901710338,-0.05420723873775163,0
0.10446528254900499,-0.054441204449904385,0
0.10439963875883283,-0.054674838152709175,0
0.10433362929307972,-0.05490813963825351,0
0.10426725579466622,-0.05514110870348337,0
0.10420051990293981,-0.055373745150177164,0
0.10413342325367424,-0.055606048784919634,0
0.10406596747906881,-0.05583801941907607,0
0.10399815420774791,-0.05606965686876644,0
0.10392998506476048,-0.05630096095483971,0
0.10386146167157956,-0.05653193150284827,0
0.10379258564610203,-0.05676256834302245,0
0.10372335860264821,-0.056992871310245115,0
0.10365378215196178,-0.057222840244026386,0
0.10358385790120954,-0.057452474988478476,0
0.10351358745398138,-0.05768177539229059,0
0.10344297241029034,-0.057910741308703904,0
0.10337201436657249,-0.05813937259548677,0
0.1033007149156873,-0.058367669114909884,0
0.10322907564691768,-0.058595630733721565,0
0.10315709814597021,-0.05882325732312325,0
0.10308478399497567,-0.059050548758744936,0
0.10301213477248916,-0.059277504920620866,0
0.10293915205349081,-0.05950412569316516,0
0.10286583740938612,-0.059730410965147716,0
0.10279219240800662,-0.05995636062967003,0
0.10271821861361048,-0.06018197458414124,0
0.10264391758688328,-0.06040725273025423,0
0.1025692908849387,-0.06063219497396184,0
0.10249434006131936,-0.06085680122545315,0
0.10241906666599775,-0.06108107139912985,0
0.10234347224537714,-0.06130500541358274,0
0.10226755834229255,-0.06152860319156836,0
0.10219132649601194,-0.061751864659985584,0
0.10211477824223714,-0.061974789749852446,0
0.10203791511310523,-0.06219737839628304,0
0.1019607386371896,-0.062419630538464374,0
0.10188325033950137,-0.06264154611963355,0
0.10180545174149064,-0.0628631250870548,0
0.101727344361048,-0.06308436739199685,0
0.10164892971250583,-0.06330527298971016,0
0.10157020930663997,-0.06352584183940439,0
0.1014911846506712,-0.06374607390422593,0
0.10141185724826689,-0.06396596915123551,0
0.10133222859954259,-0.06418552755138587,0
0.10125230020106388,-0.06440474907949963,0
0.10117207354584806,-0.06462363371424712,0
0.101091550123366,-0.0648421814381244,0
0.101010731419544,-0.0650603922374313,0
0.10092961891676575,-0.06527826610224956,0
0.10084821409387423,-0.06549580302642123,0
0.10076651842617387,-0.06571300300752676,0
0.10068453338543248,-0.06592986604686368,0
0.10060226043988348,-0.06614639214942501,0
0.10051970105422799,-0.06636258132387779,0
0.1004368566896371,-0.06657843358254198,0
0.10035372880375415,-0.06679394894136904,0
0.10027031885069701,-0.06700912741992099,0
0.1001866282810604,-0.06722396904134922,0
0.10010265854191837,-0.06743847383237364,0
0.10001841107682673,-0.06765264182326179,0
0.09993388732582552,-0.06786647304780805,0
0.09984908872544156,-0.06807996754331297,0
0.099764016708691,-0.06829312535056264,0
0.0996786727050821,-0.0685059465138083,0
0.09959305814061761,-0.06871843108074571,0
0.0995071744377978,-0.06893057910249498,0
0.099421023015623,-0.0691423906335802,0
0.09933460528959648,-0.06935386573190933,0
0.09924792267172725,-0.06956500445875413,0
0.09916097657053302,-0.06977580687873007,0
0.09907376839104301,-0.06998627305977649,0
0.09898629953480101,-0.07019640307313675,0
0.09889857139986828,-0.07040619699333847,0
0.09881058538082671,-0.07061565489817383,0
0.09872234286878179,-0.07082477686868005,0
0.09863384525136575,-0.07103356298911984,0
0.09854509391274083,-0.071242013346962,0
0.09845609023360229,-0.07145012803286209,0
0.09836683559118177,-0.07165790714064314,0
0.09827733135925054,-0.07186535076727649,0
0.09818757890812276,-0.07207245901286276,0
0.09809757960465885,-0.07227923198061276,0
0.0980073348122689,-0.07248566977682855,0
0.09791684589091604,-0.07269177251088467,0
0.09782611419711988,-0.07289754029520935,0
0.09773514108396003,-0.07310297324526571,0
0.09764392790107963,-0.07330807147953333,0
0.09755247599468884,-0.0735128351194896,0
0.0974607867075685,-0.07371726428959124,0
0.09736886137907365,-0.07392135911725611,0
0.09727670134513736,-0.07412511973284464,0
0.09718430793827418,-0.0743285462696419,0
0.0970916824875841,-0.07453163886383925,0
0.0969988263187561,-0.07473439765451638,0
0.09690574075407207,-0.07493682278362333,0
0.09681242711241055,-0.07513891439596254,0
0.09671888670925059,-0.07534067263917109,0
0.09662512085667566,-0.07554209766370282,0
0.0965311308633775,-0.0757431896228108,0
0.09643691803466015,-0.07594394867252972,0
0.09634248367244375,-0.07614437497165825,0
0.09624782907526874,-0.07634446868174169,0
0.09615295553829975,-0.07654422996705457,0
0.09605786435332969,-0.07674365899458335,0
0.09596255680878381,-0.07694275593400927,0
0.09586703418972388,-0.07714152095769107,0
0.09577129777785226,-0.07733995424064802,0
0.09567534885151606,-0.07753805596054288,0
0.09557918868571143,-0.07773582629766501,0
0.09548281855208765,-0.07793326543491347,0
0.09538623971895147,-0.07813037355778031,0
0.09528945345127134,-0.07832715085433378,0
0.09519246101068175,-0.07852359751520177,0
0.09509526365548751,-0.07871971373355523,0
0.09499786264066812,-0.07891549970509165,0
0.09490025921788212,-0.07911095562801869,0
0.09480245463547157,-0.07930608170303785,0
0.09470445013846641,-0.07950087813332811,0
0.09460624696858888,-0.07969534512452986,0
0.09450784636425809,-0.07988948288472862,0
0.09440924956059439,-0.08008329162443913,0
0.0943104577894241,-0.0802767715565892,0
0.09421147227928375,-0.08046992289650401,0
0.09411229425542494,-0.08066274586189005,0
0.09401292493981873,-0.08085524067281945,0
0.09391336555116042,-0.08104740755171422,0
0.09381361730487398,-0.08123924672333069,0
0.0937136814131169,-0.08143075841474383,0
0.09361355908478475,-0.08162194285533185,0
0.0935132515255159,-0.08181280027676072,0
0.09341275993769632,-0.08200333091296877,0
0.09331208552046416,-0.08219353500015143,0
0.0932112294697147,-0.08238341277674606,0
0.09311019297810498,-0.08257296448341662,0
0.09300897723505867,-0.08276219036303878,0
0.09290758342677088,-0.08295109066068473,0
0.09280601273621301,-0.08313966562360832,0
0.0927042663431376,-0.08332791550123006,0
0.09260234542408317,-0.0835158405451224,0
0.09250025115237921,-0.08370344100899493,0
0.09239798469815103,-0.08389071714867964,0
0.0922955472283247,-0.08407766922211633,0
0.092192939906632,-0.08426429748933806,0
0.09209016389361538,-0.0844506022124566,0
0.09198722034663304,-0.08463658365564798,0
0.09188411041986377,-0.08482224208513822,0
0.09178083526431216,-0.08500757776918894,0
0.09167739602781345,-0.08519259097808309,0
0.09157379385503875,-0.08537728198411082,0
0.0914700298875,-0.08556165106155539,0
0.0913661052635551,-0.08574569848667905,0
0.09126202111841301,-0.08592942453770908,0
0.09115777858413893,-0.08611282949482385,0
0.09105337878965927,-0.086295913640139,0
0.09094882286076701,-0.08647867725769355,0
0.0908441119201267,-0.08666112063343626,0
0.09073924708727972,-0.08684324405521188,0
0.09063422947864949,-0.08702504781274756,0
0.09052906020754659,-0.08720653219763927,0
0.09042374038417407,-0.0873876975033384,0
0.09031827111563266,-0.08756854402513817,0
0.09021265350592603,-0.08774907206016039,0
0.09010688865596601,-0.08792928190734206,0
0.09000097766357792,-0.08810917386742217,0
0.08989492162350587,-0.08828874824292854,0
0.08978872162741802,-0.08846800533816458,0
0.08968237876391189,-0.08864694545919631,0
0.08957589411851974,-0.08882556891383932,0
0.08946926877371388,-0.08900387601164582,0
0.08936250380891204,-0.08918186706389172,0
0.08925560030048274,-0.08935954238356382,0
0.0891485593217506,-0.08953690228534704,0
0.08904138194300187,-0.08971394708561166,0
0.08893406923148967,-0.08989067710240072,0
0.08882662225143952,-0.09006709265541737,0
0.08871904206405468,-0.09024319406601233,0
0.08861132972752167,-0.0904189816571714,0
0.08850348629701567,-0.09059445575350306,0
0.08839551282470591,-0.09076961668122606,0
0.0882874103597613,-0.09094446476815711,0
0.08817917994835572,-0.09111900034369866,0
0.08807082263367363,-0.0912932237388266,0
0.08796233945591556,-0.09146713528607822,0
0.08785373145230345,-0.09164073531954006,0
0.08774499965708647,-0.09181402417483588,0
0.08763614510154626,-0.09198700218911463,0
0.08752716881400258,-0.09215966970103867,0
0.08741807181981885,-0.09233202705077172,0
0.08730885514140771,-0.09250407457996715,0
0.08719951979823658,-0.09267581263175625,0
0.08709006680683312,-0.09284724155073636,0
0.086980497180791,-0.09301836168295939,0
0.0868708119307753,-0.09318917337592014,0
0.08676101206452821,-0.09335967697854478,0
0.08665109858687459,-0.09352987284117933,0
0.08654107249972756,-0.09369976131557824,0
0.0864309348020942,-0.09386934275489295,0
0.08632068649008101,-0.0940386175136607,0
0.08621032855689971,-0.09420758594779312,0
0.0860998619928728,-0.09437624841456502,0
0.08598928778543914,-0.09454460527260321,0
0.08587860691915974,-0.09471265688187547,0
0.08576782037572327,-0.09488040360367936,0
0.08565692913395179,-0.09504784580063128,0
0.08554593416980648,-0.09521498383665541,0
0.08543483645639317,-0.09538181807697298,0
0.08532363696396815,-0.09554834888809112,0
0.08521233665994377,-0.09571457663779231,0
0.08510093650889416,-0.09588050169512348,0
0.08498943747256096,-0.09604612443038532,0
0.08487784050985898,-0.09621144521512162,0
0.08476614657688188,-0.09637646442210869,0
0.08465435662690796,-0.09654118242534472,0
0.08454247161040582,-0.09670559960003934,0
0.08443049247504009,-0.09686971632260312,0
0.08431842016567717,-0.09703353297063715,0
0.08420625562439094,-0.0971970499229227,0
0.08409399979046853,-0.09736026755941089,0
0.08398165360041601,-0.09752318626121241,0
0.08386921798796416,-0.09768580641058731,0
0.08375669388407427,-0.09784812839093483,0
0.08364408221694374,-0.0980101525867833,0
0.083531383912012,-0.09817187938378003,0
0.08341859989196618,-0.09833330916868124,0
0.08330573107674687,-0.09849444232934221,0
0.08319277838355393,-0.09865527925470723,0
0.08307974272685224,-0.09881582033479976,0
0.08296662501837744,-0.09897606596071258,0
0.08285342616714174,-0.09913601652459803,0
0.08274014707943965,-0.0992956724196582,0
0.08262678865885385,-0.09945503404013532,0
0.08251335180626086,-0.09961410178130202,0
0.08239983741983693,-0.09977287603945179,0
0.08228624639506374,-0.09993135721188935,0
0.08217257962473422,-0.10008954569692123,0
0.08205883799895837,-0.10024744189384621,0
0.08194502240516902,-0.10040504620294598,0
0.0818311337281276,-0.10056235902547564,0
0.08171717284993005,-0.10071938076365451,0
0.08160314065001244,-0.10087611182065676,0
0.08148903800515693,-0.10103255260060219,0
0.08137486578949753,-0.10118870350854695,0
0.08126062487452579,-0.10134456495047454,0
0.08114631612909678,-0.1015001373332866,0
0.08103194041943479,-0.1016554210647938,0
0.0809174986091391,-0.10181041655370693,0
0.08080299155918995,-0.1019651242096278,0
0.08068842012795413,-0.10211954444304046,0
0.08057378517119096,-0.1022736776653021,0
0.08045908754205802,-0.10242752428863439,0
0.08034432809111697,-0.10258108472611456,0
0.08022950766633938,-0.10273435939166667,0
0.08011462711311251,-0.1028873487000529,0
0.07999968727424514,-0.10304005306686481,0
0.07988468898997338,-0.1031924729085148,0
0.07976963309796645,-0.10334460864222743,0
0.07965452043333253,-0.10349646068603091,0
0.07953935182862457,-0.10364802945874856,0
0.07942412811384607,-0.10379931537999033,0
0.07930885011645689,-0.10395031887014443,0
0.07919351866137907,-0.10410104035036888,0
0.07907813457100266,-0.10425148024258321,0
0.07896269866519148,-0.10440163896946009,0
0.07884721176128898,-0.10455151695441713,0
0.07873167467412401,-0.10470111462160858,0
0.07861608821601658,-0.10485043239591725,0
0.07850045319678377,-0.10499947070294628,0
0.07838477042374543,-0.10514822996901106,0
0.07826904070173013,-0.1052967106211311,0
0.07815326483308072,-0.10544491308702217,0
0.07803744361766034,-0.10559283779508813,0
0.07792157785285812,-0.1057404851744131,0
0.07780566833359501,-0.1058878556547535,0
0.07768971585232956,-0.10603494966653022,0
0.0775737211990637,-0.1061817676408207,0
0.07745768516134853,-0.10632831000935125,0
0.07734160852429017,-0.10647457720448925,0
0.07722549207055546,-0.10662056965923543,0
0.07710933658037773,-0.10676628780721616,0
0.07699314283156274,-0.1069117320826759,0
0.07687691159949427,-0.10705690292046952,0
0.07676064365713998,-0.10720180075605477,0
0.07664433977505722,-0.10734642602548475,0
0.07652800072139875,-0.10749077916540041,0
0.07641162726191851,-0.10763486061302312,0
0.07629522015997742,-0.10777867080614725,0
0.07617878017654911,-0.10792221018313278,0
0.07606230807022572,-0.10806547918289797,0
0.07594580459722361,-0.10820847824491205,0
0.07582927051138917,-0.10835120780918799,0
0.07571270656420452,-0.10849366831627519,0
0.07559611350479331,-0.10863586020725237,0
0.07547949207992642,-0.10877778392372037,0
0.07536284303402774,-0.10891943990779498,0
0.07524616710917989,-0.10906082860210004,0
0.07512946504512996,-0.1092019504497601,0
0.07501273757929527,-0.10934280589439366,0
0.07489598544676906,-0.10948339538010601,0
0.07477920938032623,-0.10962371935148245,0
0.07466241011042907,-0.10976377825358125,0
0.07454558836523298,-0.10990357253192681,0
0.0744287448705922,-0.11004310263250283,0
0.07431188035006545,-0.1101823690017455,0
0.07419499552492177,-0.11032137208653675,0
0.07407809111414607,-0.11046011233419745,0
0.07396116783444494,-0.1105985901924808,0
0.07384422640025233,-0.11073680610956559,0
0.0737272675237352,-0.11087476053404952,0
0.07361029191479919,-0.11101245391494276,0
0.07349330028109446,-0.11114988670166119,0
0.07337629332802116,-0.11128705934402004,0
0.0732592717587352,-0.11142397229222722,0
0.07314223627415398,-0.11156062599687701,0
0.07302518757296192,-0.1116970209089435,0
0.07290812635161628,-0.11183315747977425,0
0.07279105330435266,-0.11196903616108393,0
0.07267396912319077,-0.11210465740494792,0
0.07255687449793999,-0.11224002166379607,0
0.07243977011620512,-0.11237512939040639,0
0.07232265666339191,-0.11250998103789885,0
0.07220553482271273,-0.11264457705972906,0
0.07208840527519227,-0.11277891790968227,0
0.071971268699673,-0.11291300404186706,0
0.07185412577282095,-0.11304683591070934,0
0.07173697716913126,-0.1131804139709462,0
0.07161982356093378,-0.11331373867761987,0
0.07150266561839869,-0.11344681048607175,0
0.07138550400954204,-0.11357962985193633,0
0.07126833940023146,-0.11371219723113533,0
0.07115117245419163,-0.11384451307987174,0
0.07103400383300992,-0.11397657785462387,0
0.070916834196142,-0.11410839201213951,0
0.07079966420091728,-0.11423995600943021,0
0.07068249450254466,-0.11437127030376529,0
0.07056532575411792,-0.11450233535266614,0
0.07044815860662136,-0.11463315161390056,0
0.07033099370893535,-0.11476371954547696,0
0.07021383170784186,-0.11489403960563861,0
0.07009667324802996,-0.11502411225285814,0
0.06997951897210142,-0.11515393794583183,0
0.0698623695205762,-0.11528351714347394,0
0.06974522553189794,-0.11541285030491134,0
0.06962808764243957,-0.11554193788947777,0
0.06951095648650864,-0.11567078035670843,0
0.06939383269635302,-0.11579937816633448,0
0.06927671690216633,-0.11592773177827762,0
0.0691596097320933,-0.11605584165264461,0
0.06904251181223546,-0.1161837082497219,0
0.06892542376665647,-0.11631133202997031,0
0.06880834621738768,-0.11643871345401959,0
0.06869127978443348,-0.11656585298266318,0
0.06857422508577689,-0.11669275107685298,0
0.06845718273738494,-0.11681940819769396,0
0.06834015335321415,-0.11694582480643904,0
0.06822313754521594,-0.11707200136448385,0
0.06810613592334201,-0.11719793833336156,0
0.06798914909554994,-0.11732363617473777,0
0.0678721776678084,-0.11744909535040535,0
0.0677552222441027,-0.11757431632227935,0
0.06763828342644017,-0.11769929955239199,0
0.06752136181485553,-0.11782404550288757,0
0.06740445800741633,-0.11794855463601747,0
0.06728757260022823,-0.1180728274141352,0
0.06717070618744056,-0.11819686429969148,0
0.06705385936125151,-0.11832066575522909,0
0.06693703271191365,-0.11844423224337833,0
0.06682022682773912,-0.11856756422685182,0
0.06670344229510519,-0.11869066216843982,0
0.06658667969845941,-0.11881352653100533,0
0.06646993962032509,-0.11893615777747939,0
0.06635322264130654,-0.11905855637085618,0
0.06623652934009444,-0.11918072277418836,0
0.06611986029347115,-0.11930265745058231,0
0.06600321607631604,-0.11942436086319348,0
0.06588659726161074,-0.11954583347522167,0
0.0657700044204445,-0.11966707574990638,0
0.06565343812201943,-0.11978808815052223,0
0.06553689893365577,-0.11990887114037438,0
0.06542038742079728,-0.12002942518279384,0
0.06530390414701637,-0.12014975074113311,0
0.06518744967401938,-0.12026984827876148,0
0.06507102456165195,-0.12038971825906065,0
0.06495462936790414,-0.12050936114542021,0
0.06483826464891573,-0.1206287774012332,0
0.06472193095898139,-0.12074796748989174,0
0.06460562885055601,-0.12086693187478248,0
0.06448935887425983,-0.12098567101928238,0
0.06437312157888363,-0.12110418538675434,0
0.06425691751139405,-0.12122247544054278,0
0.06414074721693866,-0.1213405416439694,0
0.06402461123885123,-0.12145838446032887,0
0.06390851011865682,-0.12157600435288467,0
0.06379244439607706,-0.1216934017848647,0
0.06367641460903523,-0.12181057721945715,0
0.06356042129366145,-0.12192753111980638,0
0.06344446498429784,-0.12204426394900864,0
0.06332854621350366,-0.12216077617010795,0
0.06321266551206038,-0.12227706824609205,0
0.06309682340897686,-0.12239314063988826,0
0.06298102043149452,-0.1225089938143594,0
0.06286525710509232,-0.1226246282322997,0
0.06274953395349199,-0.12274004435643092,0
0.062633851498663,-0.12285524264939816,0
0.06251821026082781,-0.122970223573766,0
0.06240261075846679,-0.12308498759201446,0
0.06228705350832336,-0.12319953516653515,0
0.06217153902540904,-0.12331386675962726,0
0.06205606782300854,-0.12342798283349374,0
0.06194064041268479,-0.12354188385023737,0
0.061825257304283905,-0.12365557027185693,0
0.06170991900594034,-0.12376904256024339,0
0.06159462602408185,-0.12388230117717605,0
0.061479378863434485,-0.1239953465843188,0
0.06136417802702764,-0.12410817924321631,0
0.06124902401619903,-0.12422079961529038,0
0.06113391733059966,-0.12433320816183606,0
0.06101885846819889,-0.12444540534401807,0
0.060903847925289314,-0.12455739162286708,0
0.06078888619649177,-0.12466916745927605,0
0.06067397377476034,-0.12478073331399658,0
0.060559111151387165,-0.1248920896476353,0
0.060444298816007616,-0.12500323692065024,0
0.06032953725660497,-0.12511417559334734,0
0.060214826959515536,-0.1252249061258767,0
0.06010016840943347,-0.12533542897822933,0
0.059985562089415696,-0.12544574461023333,0
0.059871008480886834,-0.1255558534815506,0
0.05975650806364411,-0.1256657560516733,0
0.059642061315862194,-0.12577545277992028,0
0.05952766871409806,-0.12588494412543388,0
0.05941333073329595,-0.1259942305471763,0
0.05929904784679217,-0.1261033125039262,0
0.05918482052631991,-0.1262121904542755,0
0.05907064924201418,-0.12632086485662591,0
0.05895653446241652,-0.12642933616918545,0
0.05884247665447997,-0.12653760484996543,0
0.05872847628357376,-0.12664567135677682,0
0.05861453381348821,-0.12675353614722729,0
0.05850064970643949,-0.12686119967871765,0
0.058386824423074433,-0.12696866240843874,0
0.05827305842247533,-0.12707592479336824,0
0.058159352162164626,-0.1271829872902674,0
0.05804570609810978,-0.12728985035567783,0
0.057932120684728035,-0.12739651444591843,0
0.05781859637489107,-0.12750298001708205,0
0.05770513361992986,-0.12760924752503258,0
0.057591732869639284,-0.12771531742540163,0
0.05747839457228296,-0.12782119017358562,0
0.05736511917459792,-0.1279268662247425,0
0.057251907121799346,-0.12803234603378885,0
0.057138758857585195,-0.12813763005539672,0
0.05702567482414097,-0.12824271874399074,0
0.056912655462144385,-0.12834761255374494,0
0.05679970121077004,-0.12845231193857987,0
0.05668681250769403,-0.12855681735215957,0
0.0565739897890987,-0.12866112924788872,0
0.056461233489677236,-0.12876524807890957,0
0.05634854404263828,-0.12886917429809902,0
0.05623592187971066,-0.12897290835806582,0
0.056123367431147916,-0.12907645071114765,0
0.05601088112573295,-0.1291798018094082,0
0.055898463390782666,-0.12928296210463425,0
0.05578611465215249,-0.12938593204833304,0
0.05567383533424102,-0.12948871209172935,0
0.055561625859994614,-0.12959130268576258,0
0.0554494866509119,-0.12969370428108412,0
0.05533741812704845,-0.1297959173280545,0
0.055225420707021196,-0.12989794227674073,0
0.05511349480801308,-0.12999977957691336,0
0.05500164084577754,-0.13010142967804406,0
0.054889859234643054,-0.13020289302930257,0
0.05477815038751769,-0.1303041700795544,0
0.05466651471589355,-0.13040526127735771,0
0.054554952629851355,-0.1305061670709611,0
0.05444346453806488,-0.13060688790830063,0
0.05433205084780542,-0.1307074242369974,0
0.05422071196494639,-0.13080777650435485,0
0.05410944829396762,-0.13090794515735618,0
0.053998260237959936,-0.1310079306426618,0
0.053887148198629574,-0.13110773340660672,0
0.05377611257630263,-0.13120735389519808,0
0.053665153769929495,-0.13130679255411254,0
0.053554272177089274,-0.1314060498286938,0
0.05344346819399417,-0.13150512616395016,0
0.05333274221549395,-0.13160402200455193,0
0.053222094635080326,-0.13170273779482897,0
0.053111525844891296,-0.13180127397876834,0
0.05300103623571561,-0.13189963100001179,0
0.05289062619699708,-0.1319978093018533,0
0.05278029611683894,-0.13209580932723683,0
0.052670046382008257,-0.1321936315187536,0
0.05255987737794022,-0.13229127631864013,0
0.052449789488742515,-0.13238874416877552,0
0.052339783097199666,-0.13248603551067933,0
0.05222985858477726,-0.1325831507855092,0
0.05212001633162637,-0.13268009043405835,0
0.05201025671658778,-0.13277685489675348,0
0.0519005801171964,-0.13287344461365247,0
0.05179098690968538,-0.13296986002444194,0
0.05168147746899049,-0.1330661015684352,0
0.05157205216875439,-0.13316216968456981,0
0.05146271138133088,-0.1332580648114054,0
0.051353455477789085,-0.13335378738712153,0
0.051244284827917805,-0.13344933784951543,0
0.05113519980022966,-0.13354471663599976,0
0.05102620076196538,-0.13363992418360046,0
0.05091728807909798,-0.13373496092895462,0
0.050808462116336925,-0.13382982730830834,0
0.050699723237132455,-0.1339245237575144,0
0.05059107180367964,-0.1340190507120305,0
0.050482508176922646,-0.13411340860691673,0
0.05037403271655886,-0.13420759787683378,0
0.05026564578104309,-0.13430161895604076,0
0.050157347727591686,-0.13439547227839305,0
0.05004913891218673,-0.13448915827734031,0
0.0499410196895801,-0.13458267738592447,0
0.04983299041329766,-0.13467603003677764,0
0.04972505143564335,-0.13476921666212013,0
0.049617203107703324,-0.13486223769375832,0
0.049509445779350014,-0.13495509356308286,0
0.04940177979924625,-0.13504778470106657,0
0.04929420551484935,-0.13514031153826248,0
0.04918672327241517,-0.1352326745048019,0
0.0490793334170022,-0.1353248740303924,0
0.04897203629247558,-0.13541691054431604,0
0.04886483224151119,-0.1355087844754273,0
0.048757721605599665,-0.1356004962521512,0
0.04865070472505046,-0.13569204630248152,0
0.04854378193899587,-0.1357834350539787,0
0.04843695358539497,-0.13587466293376818,0
0.0483302200010377,-0.13596573036853854,0
0.04822358152154885,-0.1360566377845394,0
0.04811703848139204,-0.1361473856075799,0
0.04801059121387367,-0.13623797426302675,0
0.047904240051146955,-0.13632840417580228,0
0.047797985324215836,-0.13641867577038294,0
0.047691827362938935,-0.13650878947079725,0
0.0475857664960335,-0.13659874570062416,0
0.047479803051079426,-0.13668854488299126,0
0.047373937354523055,-0.13677818744057305,0
0.047268169731681145,-0.13686767379558912,0
0.047162500506744816,-0.1369570043698025,0
0.0470569300027834,-0.13704617958451795,0
0.04695145854174838,-0.13713519986058023,0
0.046846086444477256,-0.13722406561837236,0
0.046740814030697346,-0.13731277727781402,0
0.04663564161902981,-0.13740133525835987,0
0.04653056952699339,-0.1374897399789978,0
0.04642559807100825,-0.13757799185824737,0
0.046320727566399926,-0.13766609131415822,0
0.04621595832740306,-0.13775403876430822,0
0.046111290667165204,-0.13784183462580213,0
0.04600672489775076,-0.1379294793152699,0
0.045902261330144696,-0.1380169732488649,0
0.045797900274256315,-0.13810431684226257,0
0.04569364203892314,-0.13819151051065884,0
0.04558948693191462,-0.13827855466876837,0
0.04548543525993591,-0.13836544973082315,0
0.04538148732863167,-0.138452196110571,0
0.045277643442589825,-0.13853879422127388,0
0.04517390390534523,-0.1386252444757065,0
0.04507026901938349,-0.1387115472861548,0
0.04496673908614467,-0.13879770306441438,0
0.04486331440602699,-0.1388837122217891,0
0.04475999527839059,-0.13896957516908948,0
0.044656782001561146,-0.13905529231663138,0
0.04455367487283368,-0.13914086407423443,0
0.04445067418847613,-0.13922629085122068,0
0.04434778024373313,-0.139311573056413,0
0.04424499333282959,-0.13939671109813392,0
0.044142313748974385,-0.1394817053842039,0
0.044039741784364095,-0.1395665563219401,0
0.04393727773018652,-0.139651264318155,0
0.043834921876624355,-0.139735829779155,0
0.04373267451285889,-0.13982025311073887,0
0.04363053592707349,-0.1399045347181966,0
0.04352850640645736,-0.13998867500630804,0
0.04342658623720902,-0.14007267437934132,0
0.04332477570453997,-0.1401565332410517,0
0.04322307509267824,-0.1402402519946803,0
0.04312148468487199,-0.14032383104295248,0
0.04302000476339306,-0.14040727078807694,0
0.04291863560954051,-0.14049057163174405,0
0.04281737750364424,-0.14057373397512474,0
0.04271623072506848,-0.14065675821886922,0
0.04261519555221529,-0.14073964476310563,0
0.04251427226252815,-0.14082239400743882,0
0.04241346113249547,-0.1409050063509491,0
0.042312762437654056,-0.14098748219219095,0
0.042212176452592655,-0.14106982192919182,0
0.04211170345095539,-0.1411520259594509,0
0.0420113437054453,-0.14123409467993783,0
0.04191109748782779,-0.14131602848709165,0
0.04181096506893414,-0.14139782777681936,0
0.041710946718664856,-0.14147949294449497,0
0.04161104270599324,-0.1415610243849581,0
0.041511253298968744,-0.141642422492513,0
0.04141157876472048,-0.1417236876609272,0
0.041312019369460544,-0.14180482028343044,0
0.041212575378487534,-0.14188582075271358,0
0.041113247056189926,-0.14196668946092733,0
0.04101403466604944,-0.14204742679968116,0
0.04091493847064443,-0.14212803316004222,0
0.04081595873165335,-0.14220850893253414,0
0.04071709570985802,-0.14228885450713608,0
0.04061834966514705,-0.14236907027328133,0
0.04051972085651924,-0.14244915661985658,0
0.04042120954208681,-0.14252911393520054,0
0.04032281597907883,-0.14260894260710305,0
0.04022454042384459,-0.14268864302280387,0
0.04012638313185679,-0.14276821556899177,0
0.04002834435771501,-0.1428476606318033,0
0.03993042435514894,-0.1429269785968219,0
0.03983262337702159,-0.14300616984907683,0
0.039734941675332806,-0.14308523477304202,0
0.039637379501222376,-0.14316417375263524,0
0.03953993710497335,-0.1432429871712169,0
0.0394426147360153,-0.14332167541158913,0
0.039345412642927645,-0.14340023885599493,0
0.03924833107344283,-0.14347867788611682,0
0.039151370274449565,-0.1435569928830762,0
0.03905453049199612,-0.14363518422743218,0
0.03895781197129352,-0.14371325229918072,0
0.03886121495671872,-0.14379119747775362,0
0.038764739691817936,-0.14386902014201747,0
0.03866838641930971,-0.14394672067027292,0
0.03857215538108818,-0.14402429944025355,0
0.03847604681822626,-0.14410175682912504,0
0.0383800609709788,-0.14417909321348424,0
0.03828419807878574,-0.14425630896935815,0
0.03818845838027539,-0.14433340447220316,0
0.03809284211326738,-0.14441038009690405,0
0.03799734951477599,-0.14448723621777312,0
0.037901980821013204,-0.1445639732085493,0
0.03780673626739185,-0.14464059144239727,0
0.0377116160885287,-0.1447170912919066,0
0.03761662051824765,-0.14479347312909085,0
0.03752174978958276,-0.14486973732538674,0
0.0374270041347814,-0.14494588425165325,0
0.03733238378530728,-0.14502191427817082,0
0.03723788897184361,-0.14509782777464053,0
0.03714351992429611,-0.1451736251101832,0
0.03704927687179612,-0.1452493066533386,0
0.036955160042703585,-0.14532487277206457,0
0.03686116966461021,-0.14540032383373638,0
0.03676730596434249,-0.1454756602051457,0
0.036673569167964604,-0.14555088225249996,0
0.036579959500781585,-0.1456259903414214,0
0.03648647718734234,-0.14570098483694655,0
0.036393122451442564,-0.14577586610352514,0
0.036299895516127806,-0.14585063450501948,0
0.03620679660369651,-0.14592529040470376,0
0.03611382593570284,-0.14599983416526313,0
0.03602098373295986,-0.146074266148793,0
0.03592827021554238,-0.1461485867167984,0
0.035835685602789914,-0.14622279623019308,0
0.03574323011330975,-0.1462968950492988,0
0.03565090396497975,-0.14637088353384478,0
0.03555870737495141,-0.1464447620429667,0
0.035466640559652714,-0.14651853093520614,0
0.03537470373479107,-0.14659219056850986,0
0.035282897115356315,-0.14666574130022914,0
0.03519122091562351,-0.14673918348711887,0
0.035099675349155875,-0.1468125174853371,0
0.03500826062880768,-0.14688574365044424,0
0.034916976966727215,-0.1469588623374024,0
0.03482582457435952,-0.14703187390057465,0
0.034734803662449396,-0.1471047786937244,0
0.034643914441044164,-0.14717757707001483,0
0.034553157119496566,-0.147250269382008,0
0.03446253190646761,-0.14732285598166442,0
0.03437203900992944,-0.1473953372203423,0
0.03428167863716808,-0.14746771344879686,0
0.034191450994786356,-0.14753998501717983,0
0.03410135628870663,-0.1476121522750387,0
0.03401139472417369,-0.14768421557131614,0
0.033921566505757485,-0.14775617525434934,0
0.03383187183735597,-0.14782803167186948,0
0.03374231092219787,-0.147899785171001,0
0.0336528839628454,-0.14797143609826113,0
0.033563591161197184,-0.1480429847995592,0
0.033474432718490835,-0.14811443162019608,0
0.033385408835305844,-0.14818577690486356,0
0.03329651971156631,-0.14825702099764376,0
0.03320776554654364,-0.14832816424200865,0
0.033119146538859286,-0.14839920698081935,0
0.033030662886487504,-0.14847014955632568,0
0.032942314786758034,-0.1485409923101655,0
0.03285410243635887,-0.14861173558336413,0
0.03276602603133886,-0.14868237971633397,0
0.03267808576711055,-0.14875292504887377,0
0.03259028183845272,-0.1488233719201682,0
0.03250261443951319,-0.14889372066878723,0
0.03241508376381139,-0.14896397163268565,0
0.03232769000424112,-0.14903412514920256,0
0.03224043335307312,-0.14910418155506078,0
0.03215331400195778,-0.14917414118636643,0
0.03206633214192777,-0.14924400437860827,0
0.03197948796340068,-0.14931377146665736,0
0.03189278165618165,-0.14938344278476648,0
0.03180621340946598,-0.14945301866656951,0
0.031719783411841736,-0.14952249944508123,0
0.031633491851292384,-0.14959188545269655,0
0.03154733891519938,-0.14966117702119014,0
0.03146132479034473,-0.14973037448171597,0
0.03137544966291368,-0.1497994781648068,0
0.03128971371849714,-0.14986848840037373,0
0.03120411714209437,-0.14993740551770565,0
0.031118660118115486,-0.15000622984546896,0
0.031033342830384062,-0.15007496171170692,0
0.03094816546213966,-0.15014360144383934,0
0.03086312819604029,-0.150212149368662,0
0.030778231214165126,-0.15028060581234637,0
0.03069347469801686,-0.150348971100439,0
0.030608858828524307,-0.15041724555786118,0
0.030524383786044884,-0.15048542950890853,0
0.030440049750367133,-0.1505535232772505,0
0.030355856900713196,-0.15062152718593003,0
0.030271805415741385,-0.15068944155736302,0
0.030187895473548568,-0.15075726671333803,0
0.030104127251672663,-0.1508250029750158,0
0.03002050092709518,-0.15089265066292892,0
0.029937016676243593,-0.1509602100969813,0
0.029853674674993846,-0.15102768159644792,0
0.029770475098672776,-0.1510950654799743,0
0.029687418122060577,-0.15116236206557623,0
0.029604503919393222,-0.15122957167063936,0
0.029521732664364902,-0.1512966946119187,0
0.029439104530130423,-0.15136373120553834,0
0.029356619689307615,-0.1514306817669912,0
0.029274278313979808,-0.1514975466111384,0
0.02919208057569812,-0.1515643260522091,0
0.029110026645483924,-0.15163102040380003,0
0.02902811669383122,-0.15169762997887515,0
0.028946350890708992,-0.15176415508976535,0
0.02886472940556357,-0.15183059604816806,0
0.028783252407321103,-0.15189695316514693,0
0.028701920064389715,-0.15196322675113139,0
0.02862073254466206,-0.15202941711591644,0
0.02853969001551751,-0.1520955245686623,0
0.028458792643824584,-0.15216154941789395,0
0.02837804059594325,-0.15222749197150093,0
0.028297434037727213,-0.15229335253673698,0
0.028216973134526292,-0.15235913142021976,0
