-0.04698463103929542,0.017101007166283443,0
-0.046985674899586376,0.01724380625704137,0
-0.04698636087460399,0.0173865434103931,0
-0.046986689901957625,0.017529217668146913,0
-0.04698666292026072,0.017671828077983245,0
-0.04698628086910646,0.0178143736934376,0
-0.046985544689043625,0.0179568535738833,0
-0.04698445532155259,0.018099266784514498,0
-0.04698301370902149,0.01824161239632891,0
-0.046981220794722535,0.01838388948611071,0
-0.0469790775227886,0.0185260971364133,0
-0.04697658483818976,0.018668234435542146,0
-0.04697374368671027,0.018810300477537532,0
-0.04697055501492545,0.018952294362157437,0
-0.046967019770178885,0.01909421519486016,0
-0.046963138900559774,0.0192360620867872,0
-0.046958913354880394,0.019377834154745942,0
-0.04695434408265372,0.019519530521192457,0
-0.04694943203407127,0.019661150314214202,0
-0.04694417815998106,0.019802692667512684,0
-0.04693858341186567,0.01994415672038635,0
-0.04693264874182063,0.02008554161771311,0
-0.04692637510253275,0.020226846509933217,0
-0.04691976344725879,0.020368070553031806,0
-0.046912814729804124,0.02050921290852179,0
-0.046905529904501746,0.020650272743426335,0
-0.046897909926191216,0.020791249230261752,0
-0.04688995575019794,0.020932141547020052,0
-0.04688166833231251,0.021072948877151734,0
-0.046873048628770196,0.021213670409548392,0
-0.046864097596230614,0.02135430533852545,0
-0.04685481619175755,0.021494852863804852,0
-0.046845205372798904,0.021635312190497684,0
-0.0468352660971668,0.021775682529086966,0
-0.046824999323017834,0.021915963095410274,0
-0.04681440600883347,0.022056153110642435,0
-0.046803487113400634,0.02219625180127821,0
-0.04679224359579231,0.022336258399115082,0
-0.04678067641534848,0.02247617214123581,0
-0.04676878653165703,0.022615992269991215,0
-0.04675657490453489,0.022755718032982934,0
-0.046744042494009326,0.022895348683046015,0
-0.046731190260299316,0.023034883478231724,0
-0.04671801916379709,0.02317432168179026,0
-0.04670453016504985,0.023313662562153448,0
-0.04669072422474155,0.02345290539291752,0
-0.04667660230367491,0.02359204945282578,0
-0.046662165362753485,0.02373109402575145,0
-0.046647414362963886,0.023870038400680416,0
-0.04663235026535821,0.024008881871693928,0
-0.046616974031036505,0.024147623737951436,0
-0.04660128662112943,0.02428626330367336,0
-0.04658528899678102,0.024424799878123894,0
-0.04656898211913166,0.024563232775593774,0
-0.04655236694930101,0.024701561315383196,0
-0.04653544444837133,0.024839784821784488,0
-0.046518215577370646,0.024977902624065133,0
-0.04650068129725631,0.025115914056450465,0
-0.04648284256889851,0.0252538184581066,0
-0.04646470035306396,0.02539161517312334,0
-0.046446255610399764,0.025529303550496985,0
-0.046427509301417334,0.02566688294411335,0
-0.04640846238647651,0.025804352712730558,0
-0.04638911582576973,0.025941712219962075,0
-0.046369470579306446,0.026078960834259556,0
-0.04634952760689745,0.026216097928895926,0
-0.046329287868139564,0.026353122881948292,0
-0.04630875232240035,0.02649003507628086,0
-0.04628792192880289,0.026626833899528107,0
-0.04626679764621074,0.026763518744077706,0
-0.04624538043321308,0.026900089007053565,0
-0.04622367124810983,0.02703654409029889,0
-0.04620167104889702,0.02717288340035931,0
-0.0461793807932522,0.02730910634846592,0
-0.04615680143851999,0.027445212350518455,0
-0.04613393394169783,0.02758120082706829,0
-0.04611077925942167,0.027717071203301778,0
-0.04608733834795194,0.027852822909023266,0
-0.04606361216315959,0.02798845537863832,0
-0.046039601660512214,0.02812396805113697,0
-0.046015307795060294,0.028259360370076952,0
-0.0459907315214236,0.028394631783566892,0
-0.045965873793777666,0.028529781744249583,0
-0.0459407355658404,0.028664809709285356,0
-0.045915317790858834,0.028799715140335254,0
-0.045889621421595854,0.028934497503544526,0
-0.04586364741031724,0.02906915626952586,0
-0.04583739670877867,0.02920369091334278,0
-0.04581087026821291,0.029338100914493098,0
-0.045784069039317005,0.0294723857568923,0
-0.04575699397223978,0.029606544928856976,0
-0.045729646016569245,0.029740577923088297,0
-0.045702026121320204,0.029874484236655535,0
-0.04567413523492198,0.030008263370979546,0
-0.04564597430520622,0.030141914831816316,0
-0.04561754427939481,0.030275438129240502,0
-0.045588846104087845,0.0304088327776291,0
-0.04555988072525189,0.030542098295644932,0
-0.04553064908820807,0.03067523420622038,0
-0.04550115213762049,0.030808240036541038,0
-0.04547139081748464,0.03094111531802934,0
-0.04544136607111594,0.031073859586328332,0
-0.045411078841138416,0.031206472381285377,0
-0.04538053006947341,0.03133895324693594,0
-0.045349720697328406,0.03147130173148737,0
-0.04531865166518608,0.03160351738730269,0
-0.04528732391279322,0.0317355997708845,0
-0.04525573837914994,0.0318675484428588,0
-0.0452238960024989,0.031999362967958925,0
-0.045191797720314696,0.03213104291500943,0
-0.04515944446929325,0.03226258785691001,0
-0.04512683718534134,0.03239399737061963,0
-0.04509397680356631,0.03252527103714036,0
-0.0450608642582657,0.03265640844150151,0
-0.045027500482917135,0.03278740917274366,0
-0.04499388641016822,0.0329182728239028,0
-0.04496002297182661,0.03304899899199433,0
-0.04492591109884999,0.03317958727799739,0
-0.04489155172133641,0.03331003728683889,0
-0.044856945768514546,0.03344034862737774,0
-0.044822094168733985,0.033570520912389226,0
-0.04478699784945588,0.033700553758549044,0
-0.04475165773724334,0.03383044678641782,0
-0.0447160747577522,0.03396019962042532,0
-0.04468024983572178,0.034089811888854765,0
-0.0446441838949656,0.0342192832238274,0
-0.04460787785836245,0.03434861326128665,0
-0.044571332647847337,0.03447780164098284,0
-0.04453454918440257,0.03460684800645748,0
-0.044497528388049004,0.03473575200502782,0
-0.04446027117783728,0.03486451328777146,0
-0.04442277847183921,0.03499313150951084,0
-0.04438505118713919,0.03512160632879789,0
-0.04434709023982579,0.03524993740789861,0
-0.04430889654498333,0.03537812441277784,0
-0.04427047101668361,0.035506167013083775,0
-0.04423181456797767,0.03563406488213294,0
-0.0441929281108877,0.035761817696894745,0
-0.044153812556398955,0.03588942513797634,0
-0.044114468814451815,0.036016886889607504,0
-0.04407489779393391,0.03614420263962539,0
-0.0440351004026723,0.03627137207945949,0
-0.04399507754742573,0.03639839490411659,0
-0.04395483013387709,0.03652527081216557,0
-0.043914359066625754,0.036651999505722586,0
-0.043873665249180106,0.03677858069043597,0
-0.04383274958395022,0.03690501407547131,0
-0.043791612972240476,0.03703129937349652,0
-0.04375025631424231,0.037157436300667,0
-0.04370868050902706,0.037283424576610755,0
-0.0436668864545389,0.03740926392441359,0
-0.043624875047587816,0.0375349540706043,0
-0.043582647183842624,0.03766049474514003,0
-0.04354020375782417,0.03778588568139141,0
-0.043497545662898505,0.037911126616127944,0
-0.04345467379127023,0.038036217289503405,0
-0.04341158903397577,0.03816115744504117,0
-0.043368292280876845,0.038285946829619666,0
-0.04332478442065404,0.038410585193457795,0
-0.04328106634080033,0.038535072290100454,0
-0.04323713892761472,0.03865940787640403,0
-0.043193003066196035,0.038783591712522034,0
-0.04314865964043662,0.03890762356189058,0
-0.043104109533016376,0.03903150319121407,0
-0.04305935362539653,0.03915523037045088,0
-0.04301439279781368,0.03927880487279905,0
-0.042969227929274045,0.03940222647468191,0
-0.042923859897547316,0.039525494955734056,0
-0.042878289579161184,0.039648610098786896,0
-0.042832517849395416,0.03977157168985471,0
-0.04278654558227628,0.03989437951812038,0
-0.042740373650571005,0.040017033375921364,0
-0.04269400292578226,0.04013953305873557,0
-0.042647434278142604,0.040261878365167425,0
-0.042600668576609275,0.04038406909693381,0
-0.04255370668885881,0.04050610505885011,0
-0.04250654948128177,0.04062798605881633,0
-0.04245919781897755,0.04074971190780325,0
-0.04241165256574941,0.04087128241983841,0
-0.04236391458409921,0.040992697411992504,0
-0.04231598473522261,0.04111395670436546,0
-0.04226786387900407,0.041235060120072754,0
-0.04221955287401196,0.04135600748523169,0
-0.04217105257749382,0.041476798628947764,0
-0.04212236384537163,0.04159743338330096,0
-0.042073487532237074,0.0417179115833322,0
-0.042024424491347016,0.041838233067029794,0
-0.04197517557461891,0.04195839767531582,0
-0.04192574163262629,0.04207840525203277,0
-0.041876123514594375,0.04219825564392998,0
-0.04182632206839569,0.04231794870065027,0
-0.04177633814054579,0.04243748427471652,0
-0.041726172576198976,0.04255686222151832,0
-0.04167582621914408,0.042676082399298744,0
-0.04162529991180042,0.04279514466914094,0
-0.041574594495213654,0.04291404889495495,0
-0.041523710809051775,0.04303279494346458,0
-0.041472649691601214,0.04315138268419407,0
-0.04142141197976287,0.043269811989455086,0
-0.04136999850904826,0.043388082734333616,0
-0.041318410113575836,0.04350619479667682,0
-0.04126664762606713,0.043624148057080064,0
-0.041214711877843146,0.04374194239887398,0
-0.04116260369882073,0.04385957770811143,0
-0.04111032391750897,0.04397705387355461,0
-0.04105787336100577,0.044094370786662195,0
-0.041005252854994255,0.04421152834157648,0
-0.040952463223739556,0.04432852643511056,0
-0.040899505290085285,0.04444536496673553,0
-0.04084637987545028,0.04456204383856789,0
-0.04079308779982549,0.044678562955356625,0
-0.04073962988177061,0.04479492222447072,0
-0.04068600693841101,0.044911121555886446,0
-0.0406322197854347,0.0450271608621748,0
-0.04057826923708921,0.04514304005848894,0
-0.04052415610617866,0.04525875906255165,0
-0.04046988120406078,0.045374317794642884,0
-0.04041544534064407,0.04548971617758732,0
-0.04036084932438496,0.0456049541367419,0
-0.04030609396228499,0.04572003159998353,0
-0.04025118005988809,0.04583494849769667,0
-0.04019610842127792,0.04594970476276109,0
-0.040140879849075245,0.04606430033053952,0
-0.04008549514443524,0.04617873513886557,0
-0.04002995510704507,0.04629300912803137,0
-0.03997426053512134,0.0464071222407755,0
-0.039918412225407644,0.04652107442227088,0
-0.039862410973172197,0.04663486562011261,0
-0.039806257572205454,0.046748495784306,0
-0.03974995281481783,0.04686196486725452,0
-0.0396934974918374,0.046975272823747805,0
-0.03963689239260771,0.04708841961094976,0
-0.039580138304985635,0.04720140518838661,0
-0.0395232360153392,0.04731422951793505,0
-0.03946618630854552,0.04742689256381041,0
-0.03940898996798882,0.04753939429255487,0
-0.03935164777555834,0.04765173467302566,0
-0.03929416051164653,0.04776391367638336,0
-0.03923652895514697,0.047875931276080225,0
-0.039178753883452634,0.04798778744784852,0
-0.03912083607245412,0.048099482169688845,0
-0.03906277629653768,0.0482110154218587,0
-0.03900457532858373,0.04832238718686072,0
-0.03894623393996497,0.04843359744943136,0
-0.038887752900544824,0.04854464619652935,0
-0.038829132978675844,0.0486555334173242,0
-0.0387703749411981,0.048766259103184884,0
-0.038711479553437685,0.04887682324766842,0
-0.03865244757920522,0.04898722584650857,0
-0.038593279780794444,0.04909746689760448,0
-0.03853397691898077,0.049207546401009494,0
-0.03847453975301991,0.0493174643589199,0
-0.03841496904064663,0.04942722077566375,0
-0.03835526553807341,0.04953681565768964,0
-0.038295429999989195,0.04964624901355563,0
-0.0382354631795582,0.04975552085391826,0
-0.03817536582841874,0.04986463119152137,0
-0.03811513869668218,0.049973580041185045,0
-0.038054782532931625,0.050082367419794854,0
-0.037994298084221174,0.05019099334629066,0
-0.03793368609607464,0.05029945784165591,0
-0.03787294731248471,0.05040776092890663,0
-0.037812082475911946,0.05051590263308062,0
-0.03775109232728391,0.05062388298122669,0
-0.03768997760599432,0.05073170200239388,0
-0.037628739049902125,0.05083935972762069,0
-0.037567377395330774,0.05094685618992441,0
-0.03750589337706749,0.051054191424290456,0
-0.03744428772836246,0.051161365467661764,0
-0.03738256118092817,0.051268378358928154,0
-0.03732071446493879,0.05137523013891576,0
-0.03725874830902946,0.051481920850376624,0
-0.0371966634402959,0.05158845053797802,0
-0.03713446058429356,0.05169481924829217,0
-0.037072140465037325,0.051801027029785736,0
-0.037009703805000994,0.05190707393280944,0
-0.03694715132511673,0.05201296000958776,0
-0.036884483744774745,0.05211868531420857,0
-0.03682170178182285,0.05222424990261282,0
-0.03675880615256611,0.052329653832584436,0
-0.03669579757176656,0.052434897163739946,0
-0.03663267675264285,0.052539979957518385,0
-0.03656944440687003,0.05264490227717109,0
-0.03650610124457935,0.05274966418775169,0
-0.03644264797435797,0.05285426575610596,0
-0.036379085303248876,0.05295870705086176,0
-0.03631541393675068,0.053062988142419075,0
-0.03625163457881762,0.053167109102940015,0
-0.03618774793185938,0.05327107000633891,0
-0.03612375469674109,0.05337487092827233,0
-0.036059655572783324,0.053478511946129265,0
-0.03599545125776207,0.05358199313902132,0
-0.03593114244790888,0.05368531458777283,0
-0.03586672983791078,0.05378847637491116,0
-0.03580221412091052,0.05389147858465687,0
-0.03573759598850664,0.05399432130291414,0
-0.03567287613075367,0.054097004617261024,0
-0.035608055236162235,0.054199528616939795,0
-0.03554313399169939,0.054301893392847356,0
-0.03547811308278878,0.05440409903752571,0
-0.035412993193311,0.05450614564515239,0
-0.03534777500560372,0.054608033311530954,0
-0.035282459200462205,0.054709762134081484,0
-0.03521704645713961,0.05481133221183122,0
-0.035151537453347335,0.054912743645405084,0
-0.035085932865255395,0.05501399653701637,0
-0.03502023336749298,0.05511509099045731,0
-0.0349544396331488,0.05521602711108988,0
-0.03488855233377165,0.05531680500583647,0
-0.034822572139370844,0.05541742478317061,0
-0.034756499718416815,0.055517886553107826,0
-0.034690335737841645,0.05561819042719643,0
-0.03462408086303975,0.05571833651850837,0
-0.034557735757868344,0.055818324941630124,0
-0.03449130108464815,0.05591815581265363,0
-0.034424777504164075,0.05601782924916725,0
-0.03435816567566596,0.056117345370246714,0
-0.03429146625686908,0.05621670429644618,0
-0.034224679903955106,0.056315906149789256,0
-0.03415780727157283,0.056414951053760085,0
-0.03409084901283882,0.05651383913329449,0
-0.03402380577933827,0.056612570514771095,0
-0.03395667822112598,0.05671114532600245,0
-0.03388946698672704,0.05680956369622635,0
-0.03382217272313777,0.056907825756097,0
-0.03375479607582657,0.057005931637676324,0
-0.03368733768873493,0.0571038814744252,0
-0.03361979820427833,0.0572016754011949,0
-0.033552178263347214,0.05729931355421838,0
-0.033484478505307905,0.057396796071101715,0
-0.03341669956800371,0.0574941230908155,0
-0.03334884208775598,0.05759129475368633,0
-0.033280906699365,0.05768831120138832,0
-0.033212894036111267,0.05778517257693455,0
-0.03314480472975635,0.05788187902466872,0
-0.03307663941054428,0.057978430690256634,0
-0.03300839870720249,0.058074827720677895,0
-0.03294008324694298,0.05817107026421753,0
-0.03287169365546357,0.05826715847045762,0
-0.03280323055694909,0.0583630924902691,0
-0.032734694574072576,0.05845887247580344,0
-0.032666086327996495,0.05855449858048438,0
-0.03259740643837401,0.05864997095899979,0
-0.03252865552335024,0.058745289767293526,0
-0.032459834199563616,0.05884045516255722,0
-0.032390943082147135,0.05893546730322219,0
-0.032321982784729725,0.05903032634895137,0
-0.032252953919437555,0.0591250324606313,0
-0.03218385709689548,0.05921958580036404,0
-0.03211469292622837,0.05931398653145922,0
-0.032045462015062545,0.05940823481842607,0
-0.031976164969527154,0.05950233082696553,0
-0.03190680239425571,0.0595962747239623,0
-0.031837374892387464,0.05969006667747697,0
-0.03176788306556895,0.05978370685673821,0
-0.03169832751395539,0.05987719543213498,0
-0.031628708836212396,0.059970532575208714,0
-0.0315590276295172,0.06006371845864557,0
-0.03148928448956056,0.060156753256268666,0
-0.031419480010548,0.06024963714303053,0
-0.03134961478520161,0.060342370295005304,0
-0.03127968940476158,0.060434952889381145,0
-0.03120970445898775,0.06052738510445261,0
-0.031139660536161375,0.06061966711961312,0
-0.031069558223086612,0.060711799115347444,0
-0.030999398105092342,0.06080378127322404,0
-0.030929180766033706,0.06089561377588769,0
-0.03085890678829394,0.06098729680705202,0
-0.030788576752786012,0.06107883055149204,0
-0.03071819123895424,0.06117021519503678,0
-0.030647750824776276,0.06126145092456183,0
-0.030577256086764704,0.06135253792798211,0
-0.03050670759996878,0.061443476394244495,0
-0.030436105937976347,0.061534266513320494,0
-0.030365451672915496,0.06162490847619904,0
-0.030294745375456563,0.0617154024748792,0
-0.030223987614813687,0.06180574870236314,0
-0.030153178958746994,0.061895947352648646,0
-0.030082319973564132,0.061985998620722245,0
-0.03001141122412236,0.062075902702551956,0
-0.029940453273830343,0.06216565979508026,0
-0.029869446684650074,0.06225527009621694,0
-0.029798392017098798,0.06234473380483214,0
-0.029727289830250886,0.062434051120749304,0
-0.02965614068173987,0.06252322224473823,0
-0.029584945127760325,0.06261224737850805,0
-0.02951370372306979,0.06270112672470037,0
-0.02944241702099091,0.06278986048688229,0
-0.02937108557341321,0.06287844886953968,0
-0.029299709930795368,0.06296689207807012,0
-0.029228290642166935,0.06305519031877625,0
-0.029156828255130565,0.06314334379885893,0
-0.029085323315864088,0.06323135272641042,0
-0.029013776369122307,0.06331921731040774,0
-0.02894218795823941,0.06340693776070581,0
-0.028870558625130754,0.06349451428803095,0
-0.02879888891029514,0.06358194710397409,0
-0.028727179352816837,0.06366923642098415,0
-0.028655430490367673,0.06375638245236148,0
-0.02858364285920925,0.06384338541225125,0
-0.02851181699419503,0.0639302455156369,0
-0.02843995342877242,0.06401696297833362,0
-0.02836805269498502,0.06410353801698182,0
-0.028296115323474744,0.06418997084904073,0
-0.028224141843484075,0.06427626169278183,0
-0.02815213278285812,0.06436241076728254,0
-0.028080088668046937,0.06444841829241975,0
-0.02800801002410767,0.06453428448886349,0
-0.02793589737470683,0.06462000957807056,0
-0.02786375124212246,0.06470559378227822,0
-0.02779157214724642,0.06479103732449791,0
-0.027719360609586664,0.0648763404285089,0
-0.02764711714726946,0.06496150331885218,0
-0.027574842277041645,0.06504652622082414,0
-0.02750253651427294,0.06513140936047038,0
-0.02743020037295831,0.06521615296457958,0
-0.027357834365720073,0.06530075726067738,0
-0.02728543900381042,0.0653852224770202,0
-0.027213014797113605,0.06546954884258911,0
-0.02714056225414833,0.06555373658708391,0
-0.027068081882070043,0.06563778594091697,0
-0.026995574186673345,0.0657216971352072,0
-0.026923039672394258,0.06580547040177413,0
-0.02685047884231267,0.0658891059731319,0
-0.026777892198154695,0.0659726040824833,0
-0.02670528024029498,0.06605596496371391,0
-0.026632643467759176,0.06613918885138607,0
-0.026559982378226342,0.0662222759807332,0
-0.026487297468031298,0.06630522658765378,0
-0.02641458923216706,0.06638804090870563,0
-0.02634185816428721,0.06647071918110006,0
-0.0262691047567085,0.0665532616426961,0
-0.02619632950041307,0.06663566853199476,0
-0.02612353288505105,0.06671794008813331,0
-0.02605071539894292,0.06680007655087955,0
-0.025977877529082,0.06688207816062615,0
-0.025905019761137016,0.06696394515838498,0
-0.025832142579454355,0.06704567778578148,0
-0.02575924646706082,0.06712727628504903,0
-0.02568633190566585,0.06720874089902341,0
-0.025613399375664238,0.06729007187113724,0
-0.025540449356138528,0.06737126944541431,0
-0.025467482324861495,0.06745233386646424,0
-0.025394498758298766,0.0675332653794769,0
-0.025321499131611278,0.06761406423021694,0
-0.025248483918657822,0.06769473066501831,0
-0.025175453591997538,0.06777526493077893,0
-0.02510240862289257,0.06785566727495516,0
-0.025029349481310498,0.06793593794555658,0
-0.02495627663592692,0.0680160771911405,0
-0.024883190554128132,0.0680960852608066,0
-0.02481009170201349,0.06817596240419181,0
-0.02473698054439821,0.0682557088714648,0
-0.024663857544815735,0.06833532491332087,0
-0.024590723165520495,0.06841481078097658,0
-0.024517577867490363,0.06849416672616465,0
-0.024444422110429385,0.0685733930011287,0
-0.02437125635277028,0.06865248985861802,0
-0.024298081051677085,0.06873145755188251,0
-0.024224896663047765,0.06881029633466748,0
-0.02415170364151683,0.06888900646120859,0
-0.02407850244045802,0.06896758818622668,0
-0.02400529351198678,0.0690460417649228,0
-0.023932077306963083,0.06912436745297304,0
-0.02385885427499397,0.06920256550652366,0
-0.02378562486443617,0.06928063618218597,0
-0.023712389522398795,0.0693585797370313,0
-0.023639148694746013,0.06943639642858625,0
-0.023565902826099657,0.06951408651482753,0
-0.02349265235984194,0.06959165025417714,0
-0.023419397738118047,0.06966908790549745,0
-0.023346139401838894,0.06974639972808636,0
-0.023272877790683738,0.0698235859816724,0
-0.023199613343102946,0.06990064692640992,0
-0.023126346496320532,0.06997758282287424,0
-0.023053077686337017,0.0700543939320569,0
-0.022979807347931983,0.07013108051536089,0
-0.02290653591466687,0.07020764283459587,0
-0.02283326381888759,0.07028408115197339,0
-0.022759991491727326,0.07036039573010232,0
-0.02268671936310919,0.07043658683198405,0
-0.02261344786174889,0.07051265472100783,0
-0.02254017741515753,0.07058859966094613,0
-0.02246690844964434,0.07066442191595006,0
-0.02239364139031924,0.07074012175054468,0
-0.022320376661095816,0.07081569942962446,0
-0.022247114684693814,0.07089115521844869,0
-0.022173855882642018,0.07096648938263697,0
-0.022100600675280944,0.07104170218816463,0
-0.022027349481765577,0.07111679390135826,0
-0.021954102720068085,0.07119176478889117,0
-0.02188086080698069,0.07126661511777896,0
-0.02180762415811821,0.07134134515537512,0
-0.02173439318792101,0.07141595516936645,0
-0.02166116830965758,0.07149044542776883,0
-0.021587949935427505,0.07156481619892265,0
-0.021514738476163996,0.07163906775148861,0
-0.021441534341636825,0.07171320035444323,0
-0.021368337940455003,0.07178721427707456,0
-0.021295149680069535,0.07186110978897794,0
-0.021221969966776295,0.07193488716005157,0
-0.021148799205718664,0.07200854666049235,0
-0.021075637800890418,0.0720820885607915,0
-0.021002486155138413,0.07215551313173045,0
-0.020929344670165422,0.07222882064437662,0
-0.020856213746532938,0.07230201137007905,0
-0.020783093783663845,0.07237508558046438,0
-0.02070998517984535,0.07244804354743263,0
-0.020636888332231682,0.07252088554315309,0
-0.020563803636846834,0.07259361184006012,0
-0.02049073148858753,0.07266622271084908,0
-0.020417672281225777,0.0727387184284723,0
-0.020344626407411935,0.0728110992661349,0
-0.020271594258677222,0.0728833654972908,0
-0.020198576225436738,0.07295551739563866,0
-0.020125572696992187,0.07302755523511789,0
-0.020052584061534616,0.07309947928990465,0
-0.01997961070614733,0.07317128983440785,0
-0.019906653016808586,0.07324298714326512,0
-0.01983371137839452,0.07331457149133899,0
-0.019760786174681817,0.07338604315371294,0
-0.01968787778835063,0.07345740240568738,0
-0.019614986600987285,0.07352864952277584,0
-0.01954211299308723,0.07359978478070112,0
-0.01946925734405771,0.07367080845539141,0
-0.01939642003222064,0.07374172082297636,0
-0.01932360143481543,0.07381252215978339,0
-0.019250801928001743,0.07388321274233382,0
-0.01917802188686237,0.07395379284733909,0
-0.019105261685406057,0.07402426275169698,0
-0.019032521696570177,0.07409462273248783,0
-0.018959802292223767,0.07416487306697088,0
-0.018887103843170164,0.07423501403258051,0
-0.018814426719149895,0.07430504590692248,0
-0.018741771288843502,0.07437496896777032,0
-0.018669137919874384,0.07444478349306165,0
-0.01859652697881151,0.07451448976089452,0
-0.01852393883117234,0.07458408804952371,0
-0.018451373841425645,0.07465357863735718,0
-0.01837883237299423,0.07472296180295249,0
-0.01830631478825788,0.07479223782501317,0
-0.018233821448556092,0.07486140698238511,0
-0.018161352714190913,0.07493046955405305,0
-0.018088908944429796,0.07499942581913709,0
-0.0180164904975084,0.07506827605688911,0
-0.017944097730633393,0.07513702054668923,0
-0.01787173099998528,0.07520565956804239,0
-0.01779939066072123,0.07527419340057488,0
-0.017727077066977914,0.07534262232403081,0
-0.01765479057187433,0.07541094661826876,0
-0.017582531527514524,0.07547916656325823,0
-0.01751030028499058,0.0755472824390764,0
-0.017438097194385306,0.07561529452590457,0
-0.017365922604775066,0.07568320310402492,0
-0.01729377686423268,0.07575100845381699,0
-0.017221660319830193,0.07581871085575452,0
-0.017149573317641626,0.075886310590402,0
-0.017077516202745936,0.07595380793841133,0
-0.0170054893192297,0.07602120318051858,0
-0.016933493010190023,0.07608849659754074,0
-0.016861527617737296,0.07615568847037238,0
-0.016789593482998046,0.07622277907998236,0
-0.01671769094611772,0.0762897687074107,0
-0.01664582034626354,0.07635665763376527,0
-0.016573982021627295,0.07642344614021865,0
-0.016502176309428122,0.07649013450800486,0
-0.016430403545915365,0.07655672301841622,0
-0.016358664066371365,0.07662321195280015,0
-0.01628695820511428,0.07668960159255614,0
-0.016215286295500862,0.07675589221913241,0
-0.016143648669929303,0.07682208411402296,0
-0.01607204565984201,0.0768881775587644,0
-0.016000477595728455,0.07695417283493287,0
-0.01592894480712791,0.07702007022414095,0
-0.01585744762263231,0.07708587000803457,0
-0.015785986369889045,0.07715157246829002,0
-0.01571456137560372,0.07721717788661092,0
-0.01564317296554302,0.07728268654472512,0
-0.015571821464537445,0.07734809872438173,0
-0.015500507196484135,0.0774134147073482,0
-0.015429230484349672,0.07747863477540726,0
-0.015357991650172872,0.07754375921035395,0
-0.015286791015067542,0.07760878829399273,0
-0.015215628899225335,0.07767372230813449,0
-0.01514450562191849,0.0777385615345937,0
-0.015073421501502635,0.0778033062551854,0
-0.015002376855419561,0.07786795675172237,0
-0.014931372000200017,0.07793251330601225,0
-0.01486040725146652,0.07799697619985467,0
-0.014789482923936077,0.07806134571503837,0
-0.014718599331423013,0.07812562213333836,0
-0.014647756786841744,0.07818980573651316,0
-0.01457695560220953,0.0782538968063019,0
-0.014506196088649255,0.0783178956244216,0
-0.014435478556392217,0.07838180247256424,0
-0.014364803314780883,0.0784456176323942,0
-0.014294170672271674,0.07850934138554536,0
-0.014223580936437701,0.07857297401361835,0
-0.014153034413971553,0.07863651579817785,0
-0.014082531410688076,0.07869996702074988,0
-0.014012072231527077,0.07876332796281912,0
-0.01394165718055616,0.0788265989058261,0
-0.013871286560973393,0.07888978013116463,0
-0.013800960675110161,0.07895287192017907,0
-0.013730679824433836,0.07901587455416174,0
-0.013660444309550577,0.0790787883143502,0
-0.013590254430208042,0.07914161348192461,0
-0.013520110485298165,0.07920435033800524,0
-0.013450012772859888,0.07926699916364972,0
-0.013379961590081892,0.07932956023985054,0
-0.013309957233305348,0.07939203384753236,0
-0.013239999998026648,0.07945442026754959,0
-0.013170090178900161,0.07951671978068373,0
-0.013100228069740929,0.07957893266764085,0
-0.013030413963527405,0.07964105920904903,0
-0.01296064815240421,0.07970309968545591,0
-0.012890930927684811,0.07976505437732619,0
-0.012821262579854298,0.07982692356503897,0
-0.012751643398572033,0.07988870752888544,0
-0.012682073672674446,0.0799504065490664,0
-0.012612553690177705,0.08001202090568972,0
-0.012543083738280409,0.0800735508787679,0
-0.012473664103366339,0.08013499674821566,0
-0.012404295071007142,0.08019635879384757,0
-0.012334976925965042,0.08025763729537554,0
-0.012265709952195544,0.08031883253240649,0
-0.012196494432850122,0.08037994478443987,0
-0.012127330650278934,0.08044097433086542,0
-0.012058218886033497,0.08050192145096073,0
-0.011989159420869366,0.08056278642388884,0
-0.011920152534748844,0.08062356952869594,0
-0.011851198506843665,0.08068427104430909,0
-0.01178229761553768,0.08074489124953382,0
-0.011713450138429504,0.08080543042305185,0
-0.011644656352335242,0.0808658888434188,0
-0.011575916533291113,0.08092626678906192,0
-0.011507230956556144,0.08098656453827774,0
-0.011438599896614846,0.0810467823692299,0
-0.011370023627179872,0.0811069205599468,0
-0.011301502421194655,0.08116697938831949,0
-0.011233036550836102,0.0812269591320993,0
-0.011164626287517212,0.08128686006889571,0
-0.011096271901889757,0.08134668247617405,0
-0.011027973663846936,0.08140642663125343,0
-0.010959731842525989,0.08146609281130447,0
-0.010891546706310857,0.08152568129334709,0
-0.010823418522834832,0.08158519235424838,0
-0.010755347558983186,0.08164462627072051,0
-0.010687334080895793,0.08170398331931851,0
-0.01061937835396976,0.08176326377643808,0
-0.010551480642862064,0.08182246791831362,0
-0.010483641211492195,0.08188159602101595,0
-0.010415860323044717,0.08194064836045037,0
-0.010348138239971948,0.08199962521235439,0
-0.01028047522399655,0.08205852685229578,0
-0.010212871536114122,0.08211735355567046,0
-0.01014532743659583,0.08217610559770043,0
-0.010077843184990996,0.08223478325343168,0
-0.01001041904012971,0.0822933867977322,0
-0.009943055260125415,0.08235191650528996,0
-0.009875752102377518,0.08241037265061081,0
-0.009808509823573966,0.08246875550801656,0
-0.009741328679693823,0.08252706535164286,0
-0.009674208926009883,0.08258530245543735,0
-0.009607150817091212,0.08264346709315759,0
-0.009540154606805776,0.08270155953836907,0
-0.00947322054832296,0.08275958006444324,0
-0.009406348894116155,0.08281752894455569,0
-0.009339539895965344,0.08287540645168404,0
-0.009272793804959632,0.08293321285860607,0
-0.009206110871499834,0.08299094843789781,0
-0.009139491345300997,0.08304861346193161,0
-0.009072935475395002,0.08310620820287423,0
-0.009006443510133036,0.08316373293268495,0
-0.00894001569718822,0.0832211879231136,0
-0.008873652283558084,0.0832785734456989,0
-0.00880735351556716,0.08333588977176634,0
-0.008741119638869435,0.08339313717242645,0
-0.00867495089845096,0.08345031591857294,0
-0.008608847538632359,0.08350742628088083,0
-0.008542809803071282,0.08356446852980466,0
-0.008476837934765035,0.0836214429355766,0
-0.008410932176053015,0.08367834976820468,0
-0.00834509276861923,0.08373518929747101,0
-0.008279319953494828,0.08379196179292993,0
-0.008213613971060584,0.08384866752390623,0
-0.008147975061049405,0.08390530675949337,0
-0.008082403462548828,0.08396187976855178,0
-0.008016899414003527,0.08401838681970701,0
-0.007951463153217743,0.08407482818134801,0
-0.007886094917357828,0.08413120412162535,0
-0.007820794942954706,0.08418751490844958,0
-0.007755563465906347,0.08424376080948942,0
-0.007690400721480228,0.08429994209217007,0
-0.007625306944315821,0.08435605902367144,0
-0.007560282368427048,0.08441211187092655,0
-0.007495327227204717,0.08446810090061983,0
-0.007430441753419037,0.08452402637918534,0
-0.007365626179222007,0.08457988857280511,0
-0.007300880736149909,0.08463568774740762,0
-0.007236205655125723,0.08469142416866596,0
-0.007171601166461591,0.08474709810199627,0
-0.007107067499861238,0.08480270981255603,0
-0.007042604884422433,0.08485825956524255,0
-0.006978213548639343,0.08491374762469124,0
-0.006913893720405041,0.084969174255274,0
-0.006849645627013899,0.0850245397210976,0
-0.006785469495163985,0.08507984428600214,0
-0.006721365550959464,0.08513508821355945,0
-0.006657334019913074,0.0851902717670714,0
-0.006593375126948461,0.08524539520956843,0
-0.006529489096402596,0.08530045880380792,0
-0.006465676152028188,0.0853554628122727,0
-0.006401936516996061,0.08541040749716938,0
-0.006338270413897569,0.08546529312042689,0
-0.006274678064746905,0.08552011994369488,0
-0.0062111596909835785,0.08557488822834229,0
-0.006147715513474705,0.08562959823545571,0
-0.006084345752517439,0.0856842502258379,0
-0.0060210506278413215,0.08573884446000628,0
-0.0059578303586105925,0.08579338119819148,0
-0.0058946851634266466,0.08584786070033579,0
-0.005831615260330276,0.08590228322609161,0
-0.005768620866804133,0.08595664903482016,0
-0.00570570219977497,0.08601095838558982,0
-0.0056428594756160605,0.08606521153717471,0
-0.005580092910149508,0.08611940874805331,0
-0.005517402718648546,0.08617355027640691,0
-0.00545478911583991,0.08622763638011827,0
-0.0053922523159061425,0.08628166731677006,0
-0.00532979253248793,0.08633564334364352,0
-0.005267409978686393,0.08638956471771701,0
-0.005205104867065421,0.08644343169566461,0
-0.005142877409653947,0.0864972445338547,0
-0.005080727817948295,0.08655100348834847,0
-0.005018656302914432,0.08660470881489875,0
-0.004956663074990296,0.08665836076894838,0
-0.004894748344088069,0.08671195960562898,0
-0.004832912319596465,0.0867655055797595,0
-0.004771155210383011,0.0868189989458449,0
-0.004709477224796343,0.08687243995807478,0
-0.004647878570668429,0.08692582887032202,0
-0.004586359455316877,0.08697916593614134,0
-0.004524920085547193,0.0870324514087682,0
-0.00446356066765501,0.0870856855411172,0
-0.004402281407428416,0.08713886858578093,0
-0.004341082510150114,0.08719200079502853,0
-0.0042799641805997156,0.08724508242080449,0
-0.004218926623055976,0.08729811371472729,0
-0.004157970041299046,0.08735109492808805,0
-0.004097094638612661,0.08740402631184926,0
-0.004036300617786405,0.08745690811664361,0
-0.003975588181117943,0.08750974059277256,0
-0.0039149575304151755,0.08756252399020506,0
-0.0038544088669985564,0.08761525855857638,0
-0.003793942391703204,0.08766794454718684,0
-0.0037335583048811595,0.08772058220500047,0
-0.0036732568064035682,0.08777317178064378,0
-0.003613038095662889,0.08782571352240458,0
-0.003552902371575082,0.08787820767823071,0
-0.003492849832581811,0.08793065449572877,0
-0.003432880676652591,0.08798305422216292,0
-0.0033729951012869837,0.08803540710445364,0
-0.0033131933035167793,0.0880877133891766,0
-0.0032534754799081736,0.08813997332256136,0
-0.003193841826563898,0.08819218715049018,0
-0.0031342925391254057,0.08824435511849682,0
-0.0030748278127750352,0.08829647747176543,0
-0.003015447842238142,0.08834855445512924,0
-0.002956152821785266,0.08840058631306949,0
-0.002896942945234257,0.08845257328971415,0
-0.0028378184059523917,0.08850451562883689,0
-0.002778779396858565,0.0885564135738558,0
-0.0027198261104253545,0.08860826736783226,0
-0.0026609587386811993,0.0886600772534698,0
-0.00260217747321248,0.088711843473113,0
-0.0025434825051656607,0.08876356626874629,0
-0.0024848740252493753,0.0888152458819928,0
-0.002426352223736562,0.0888668825541133,0
-0.0023679172904665187,0.08891847652600503,0
-0.0023095694148470643,0.0889700280382006,0
-0.00225130878585656,0.08902153733086689,0
-0.002193135592046043,0.08907300464380384,0
-0.0021350500215412955,0.08912443021644355,0
-0.002077052262044947,0.089175814287849,0
-0.0020191425008384903,0.08922715709671306,0
-0.0019613209247843918,0.08927845888135728,0
-0.0019035877203281597,0.08932971987973104,0
-0.0018459430735004003,0.08938094032941027,0
-0.0017883871699188334,0.0894321204675964,0
-0.0017309201947903992,0.08948326053111537,0
-0.0016735423329132827,0.08953436075641658,0
-0.0016162537686789272,0.08958542137957178,0
-0.0015590546860740878,0.08963644263627399,0
-0.0015019452686829133,0.08968742476183651,0
-0.001444925699688889,0.08973836799119193,0
-0.0013879961618769275,0.08978927255889102,0
-0.001331156837635318,0.08984013869910167,0
-0.0012744079089578267,0.0898909666456079,0
-0.0012177495574456148,0.08994175663180894,0
-0.0011611819643093278,0.08999250889071807,0
-0.0011047053103710213,0.09004322365496166,0
-0.001048319776066198,0.09009390115677818,0
-0.0009920255414457642,0.0901445416280172,0
-0.0009358227861780742,0.09019514530013839,0
-0.0008797116895508338,0.09024571240421053,0
-0.0008236924304731357,0.09029624317091044,0
-0.0007677651874774103,0.09034673783052216,0
-0.0007119301387213905,0.0903971966129359,0
-0.0006561874619900492,0.09044761974764697,0
-0.0006005373346976135,0.09049800746375494,0
-0.0005449799338894724,0.09054835998996265,0
-0.0004895154362441373,0.09059867755457521,0
-0.0004341440180751587,0.09064896038549908,0
-0.00037886585533313633,0.09069920871024109,0
-0.00032368112360756324,0.09074942275590756,0
-0.000268589998128825,0.09079960274920325,0
-0.00021359265377007196,0.09084974891643052,0
-0.0001586892650491672,0.09089986148348836,0
-0.00010388000613060807,0.09094994067587146,0
-4.916505082742158e-05,0.09099998671866931,0
5.455427396945352e-06,0.09104999983656523,0
5.998125542670142e-05,0.09109998025383546,0
0.00011441226049181215,0.09114992819434836,0
0.00016874827016612724,0.09119984388156337,0
0.00022298911236549326,0.09124972753853013,0
0.00027713461534585175,0.09129957938788762,0
0.00033118460770138405,0.09134939965186327,0
0.0003851389183626206,0.09139918855227205,0
0.00043899737659461714,0.09144894631051559,0
0.0004927598119950152,0.09149867314758121,0
0.0005464260544922702,0.09154836928404127,0
0.0005999959343437232,0.09159803494005202,0
0.0006534692821337997,0.09164767033535291,0
0.0007068459287721332,0.0916972756892657,0
0.0007601257054917765,0.09174685122069351,0
0.0008133084438473362,0.09179639714812007,0
0.000866393975713113,0.0918459136896088,0
0.0009193821332813301,0.09189540106280196,0
0.0009722727490602855,0.09194485948491984,0
0.0010250656558725294,0.09199428917275992,0
0.0010777606868530888,0.09204369034269594,0
0.0011303576754476167,0.09209306321067716,0
0.0011828564554106286,0.09214240799222753,0
0.0012352568608036817,0.0921917249024448,0
0.0012875587259936028,0.09224101415599974,0
0.0013397618856506594,0.09229027596713525,0
0.00139186617474686,0.09233951054966569,0
0.0014438714285540954,0.0923887181169759,0
0.0014957774826423887,0.09243789888202049,0
0.0015475841728781706,0.09248705305732302,0
0.0015992913354224403,0.09253618085497513,0
0.0016508988067290913,0.09258528248663589,0
0.0017024064235430629,0.09263435816353081,0
0.001753814022898699,0.09268340809645118,0
0.0018051214421179102,0.09273243249575325,0
0.0018563285188084842,0.09278143157135746,0
0.0019074350908623583,0.0928304055327476,0
0.0019584409964538405,0.09287935458897008,0
0.0020093460740379376,0.09292827894863316,0
0.0020601501623486018,0.09297717881990615,0
0.002110853100397033,0.09302605441051864,0
0.002161454727469956,0.09307490592775976,0
0.0022119548831279153,0.09312373357847739,0
0.002262353407203584,0.09317253756907744,0
0.0023126501398000867,0.09322131810552303,0
0.0023628449212892404,0.09327007539333379,0
0.00241293759230991,0.09331880963758511,0
0.002462927993766363,0.0933675210429074,0
0.0025128159668265314,0.09341620981348524,0
0.002562601352920358,0.09346487615305679,0
0.0026122839937381542,0.09351352026491298,0
0.002661863731228893,0.09356214235189682,0
0.0027113404075985777,0.09361074261640252,0
0.00276071386530859,0.09365932126037498,0
0.002809983947074027,0.09370787848530891,0
0.002859150495862061,0.0937564144922482,0
0.002908213354890308,0.0938049294817851,0
0.0029571723676251986,0.09385342365405958,0
0.0030060273777803375,0.09390189720875863,0
0.003054778229314847,0.09395035034511548,0
0.003103424766431813,0.09399878326190896,0
0.0031519668335766257,0.09404719615746272,0
0.003200404275435353,0.09409558922964462,0
0.003248736936933194,0.09414396267586597,0
0.003296964663232823,0.09419231669308084,0
0.0033450872997328115,0.09424065147778535,0
0.003393104692066051,0.09428896722601705,0
0.0034410166860981153,0.09433726413335419,0
0.0034888231279257423,0.09438554239491498,0
0.0035365238638752254,0.09443380220535696,0
0.0035841187405008467,0.09448204375887638,0
0.003631607604583279,0.0945302672492074,0
0.003678990303128089,0.09457847286962152,0
0.003726266683364091,0.09462666081292678,0
0.0037734365927418806,0.09467483127146728,0
0.003820499878932226,0.09472298443712235,0
0.0038674563898245203,0.09477112050130594,0
0.003914305973525313,0.09481923965496596,0
0.003961048478356673,0.09486734208858363,0
0.004007683752854749,0.09491542799217284,0
0.0040542116457681805,0.09496349755527944,0
0.004100632006056614,0.09501155096698059,0
0.004146944682889167,0.09505958841588417,0
0.004193149525642925,0.09510761009012815,0
0.00423924638390145,0.09515561617737982,0
0.004285235107453237,0.0952036068648352,0
0.004331115546290259,0.09525158233921854,0
0.004376887550606435,0.09529954278678149,0
0.004422550970796204,0.09534748839330252,0
0.004468105657452963,0.09539541934408637,0
0.004513551461367654,0.09544333582396329,0
0.004558888233527238,0.09549123801728857,0
0.004604115825113301,0.09553912610794174,0
0.0046492340875004855,0.09558700027932603,0
0.00469424287225513,0.0956348607143678,0
0.004739142031133771,0.09568270759551589,0
0.004783931416081642,0.09573054110474087,0
0.004828610879231343,0.0957783614235346,0
0.004873180272901306,0.09582616873290957,0
0.004917639449594386,0.09587396321339828,0
0.004961988261996465,0.09592174504505255,0
0.00500622656297495,0.09596951440744304,0
0.00505035420557744,0.09601727147965859,0
0.005094371043030217,0.09606501644030563,0
0.005138276928736931,0.09611274946750752,0
0.005182071716277112,0.09616047073890402,0
0.005225755259404831,0.0962081804316507,0
0.005269327412047229,0.09625587872241832,0
0.005312788028303166,0.0963035657873922,0
0.0053561369624418684,0.09635124180227166,0
0.0053993740689014845,0.09639890694226948,0
0.0054424992022877195,0.09644656138211126,0
0.005485512217372484,0.09649420529603484,0
0.0055284129690925,0.09654183885778968,0
0.005571201312547963,0.09658946224063639,0
0.005613877103001134,0.09663707561734607,0
0.005656440195875015,0.09668467916019968,0
0.005698890446752033,0.09673227304098761,0
0.005741227711372621,0.09677985743100899,0
0.005783451845633922,0.09682743250107118,0
0.00582556270558843,0.09687499842148913,0
0.005867560147442687,0.09692255536208486,0
0.005909444027555951,0.09697010349218695,0
0.005951214202438819,0.09701764298062984,0
0.005992870528751978,0.0970651739957534,0
0.0060344128633048584,0.09711269670540225,0
0.006075841063054338,0.09716021127692533,0
0.0061171549851034065,0.09720771787717522,0
0.006158354486699883,0.09725521667250765,0
0.006199439425235155,0.09730270782878093,0
0.006240409658242861,0.0973501915113554,0
0.00628126504339757,0.09739766788509291,0
0.00632200543851358,0.09744513711435616,0
0.006362630701543545,0.09749259936300829,0
0.006403140690577297,0.09754005479441223,0
0.0064435352638405104,0.09758750357143026,0
0.0064838142796934785,0.09763494585642332,0
0.006523977596629849,0.0976823818112506,0
0.006564025073275348,0.09772981159726893,0
0.006603956568386556,0.09777723537533231,0
0.006643771940849647,0.09782465330579122,0
0.0066834710496791894,0.09787206554849229,0
0.00672305375401685,0.0979194722627776,0
0.006762519913130227,0.09796687360748423,0
0.006801869386411577,0.0980142697409437,0
0.006841102033376602,0.09806166082098142,0
0.00688021771366326,0.09810904700491624,0
0.006919216287030552,0.09815642844955987,0
0.0069580976133572755,0.09820380531121627,0
0.006996861552640846,0.09825117774568125,0
0.007035507964996118,0.09829854590824194,0
0.0070740367106541776,0.09834590995367623,0
0.007112447649961136,0.09839327003625217,0
0.007150740643377004,0.09844062630972758,0
0.007188915551474426,0.09848797892734953,0
0.007226972234937587,0.09853532804185369,0
0.007264910554560998,0.09858267380546394,0
0.007302730371248333,0.0986300163698918,0
0.007340431546011308,0.09867735588633594,0
0.007378013939968485,0.09872469250548167,0
0.0074154774143441226,0.09877202637750039,0
0.007452821830467044,0.09881935765204909,0
0.00749004704976949,0.0988666864782699,0
0.007527152933785998,0.09891401300478955,0
0.007564139344152245,0.09896133737971881,0
0.007601006142603935,0.099008659750652,0
0.007637753190975657,0.09905598026466661,0
0.007674380351199811,0.09910329906832265,0
0.007710887485305432,0.09915061630766217,0
0.007747274455417138,0.09919793212820882,0
0.007783541123753988,0.09924524667496733,0
0.007819687352628404,0.09929256009242297,0
0.007855713004445054,0.09933987252454111,0
0.00789161794169977,0.09938718411476666,0
0.007927402026978475,0.09943449500602365,0
0.007963065122956093,0.09948180534071467,0
0.007998607092395452,0.09952911526072042,0
0.008034027798146251,0.09957642490739914,0
0.00806932710314396,0.09962373442158627,0
