0.05,0.0,0
0.05004982027561714,-0.0001341282163588421,0
0.050099281398296024,-0.00026833444495776704,0
0.05014838381405061,-0.000402617484304404,0
0.05019712797190432,-0.000536976137515591,0
0.05024551432386401,-0.0006714092123119898,0
0.050293543324894024,-0.000805915521012633,0
0.050341215432890454,-0.0009404938805294022,0
0.0503885311086555,-0.001075143112361439,0
0.05043549081587194,-0.0012098620425894876,0
0.05048209502107774,-0.0013446495018701755,0
0.05052834419364081,-0.0014795043254302244,0
0.05057423880573386,-0.0016144253530606,0
0.05061977933230941,-0.0017494114291105977,0
0.050664966251074896,-0.0018844614024818634,0
0.050709800042467924,-0.0020195741266223555,0
0.050754281189631656,-0.0021547484595202436,0
0.0507984101783903,-0.0022899832636977474,0
0.05084218749722473,-0.0024252774062049143,0
0.050885613637248264,-0.002560629758613341,0
0.05092868909218251,-0.002696039197009834,0
0.05097141435833337,-0.0028315046019900146,0
0.05101378993456716,-0.0029670248586518636,0
0.051055816322286875,-0.0031025988565892165,0
0.05109749402540854,-0.0032382254898851944,0
0.0511388235503377,-0.0033739036571055884,0
0.051179805405946015,-0.0035096322612921844,0
0.051220440103548044,-0.003645410209956037,0
0.05126072815687802,-0.00378123641507069,0
0.05130067008206692,-0.003917109793065347,0
0.05134026639761946,-0.0040530292648179875,0
0.05137951762439137,-0.004188993755648433,0
0.05141842428556671,-0.004325002195311365,0
0.05145698690663534,-0.004461053517989292,0
0.05149520601537043,-0.00459714666228547,0
0.05153308214180622,-0.004733280571216774,0
0.05157061581821579,-0.004869454192206517,0
0.05160780757908895,-0.00500566647707723,0
0.05164465796111036,-0.005141916382043397,0
0.0516811675031376,-0.005278202867704129,0
0.051717336746179496,-0.005414524899035819,0
0.051753166233374455,-0.005550881445384727,0
0.051788656509969035,-0.005687271480459536,0
0.05182380812329649,-0.005823693982323866,0
0.05185862162275554,-0.0059601479333887325,0
0.0518930975597892,-0.006096632320404981,0
0.05192723648786374,-0.006233146134455665,0
0.05196103896244774,-0.0063696883709483945,0
0.05199450554099129,-0.006506258029607635,0
0.052027636782905264,-0.0066428541144669725,0
0.05206043324954075,-0.006779475633861343,0
0.052092895504168533,-0.006916121600419216,0
0.05212502411195876,-0.007052791031054741,0
0.05215681963996062,-0.007189482946959865,0
0.05218828265708224,-0.0073261963735964065,0
0.052219413734070644,-0.007462930340688092,0
0.05225021344349176,-0.007599683882212561,0
0.052280682359710666,-0.007736456036393336,0
0.05231082105887181,-0.007873245845691754,0
0.05234063011887945,-0.008010052356798874,0
0.052370110119378095,-0.008146874620627333,0
0.05239926164173317,-0.008283711692303188,0
0.05242808526901169,-0.008420562631157712,0
0.052456581585963065,-0.008557426500719176,0
0.05248475117900006,-0.008694302368704568,0
0.05251259463617979,-0.008831189307011319,0
0.05254011254718489,-0.008968086391708966,0
0.05256730550330468,-0.00910499270303081,0
0.05259417409741659,-0.009241907325365532,0
0.052620718923967545,-0.009378829347248777,0
0.05264694057895555,-0.009515757861354716,0
0.05267283965991133,-0.009652691964487587,0
0.05269841676588006,-0.009789630757573192,0
0.052723672497403236,-0.009926573345650381,0
0.052748607456500674,-0.010063518837862497,0
0.05277322224665248,-0.01020046634744881,0
0.05279751747278129,-0.010337414991735914,0
0.05282149374123449,-0.010474363892129104,0
0.052845151659766575,-0.010611312174103726,0
0.05286849183752164,-0.010748258967196504,0
0.052891514885015894,-0.010885203404996843,0
0.05291422141412034,-0.011022144625138106,0
0.052936612038043555,-0.011159081769288879,0
0.05295868737131448,-0.011296013983144193,0
0.05298044802976545,-0.01143294041641675,0
0.053001894630515176,-0.011569860222828104,0
0.053023027791951935,-0.011706772560099834,0
0.05304384813371679,-0.011843676589944693,0
0.05306435627668693,-0.011980571478057738,0
0.05308455284295911,-0.012117456394107438,0
0.05310443845583321,-0.012254330511726759,0
0.05312401373979577,-0.01239119300850424,0
0.05314327932050382,-0.012528043065975046,0
0.05316223582476862,-0.01266487986961199,0
0.05318088388053958,-0.012801702608816566,0
0.05319922411688828,-0.01293851047690993,0
0.053217257163992546,-0.013075302671123888,0
0.053234983653120654,-0.013212078392591862,0
0.05325240421661557,-0.013348836846339833,0
0.05326951948787938,-0.013485577241277275,0
0.053286330101357665,-0.013622298790188078,0
0.05330283669252417,-0.013759000709721433,0
0.053319039897865336,-0.01389568222038273,0
0.053334940354865086,-0.014032342546524428,0
0.053350538701989664,-0.014168980916336905,0
0.0533658355786725,-0.014305596561839322,0
0.05338083162529925,-0.014442188718870418,0
0.05339552748319289,-0.01457875662707936,0
0.05340992379459884,-0.014715299529916535,0
0.05342402120267033,-0.014851816674624336,0
0.05343782035145363,-0.014988307312227953,0
0.05345132188587363,-0.015124770697526135,0
0.053464526451719244,-0.015261206089081946,0
0.05347743469562911,-0.015397612749213514,0
0.05349004726507726,-0.015533989943984763,0
0.053502364808358904,-0.015670336943196143,0
0.05351438797457631,-0.015806653020375337,0
0.05352611741362479,-0.015942937452767977,0
0.053537553776178685,-0.016079189521328325,0
0.05354869771367754,-0.016215408510709968,0
0.053559549878312296,-0.016351593709256505,0
0.053570110923011595,-0.01648774440899219,0
0.05358038150142816,-0.01662385990561263,0
0.05359036226792523,-0.016759939498475398,0
0.05360005387756315,-0.016895982490590704,0
0.053609456986085956,-0.017031988188612034,0
0.05361857224990811,-0.01716795590282677,0
0.05362740032610127,-0.017303884947146818,0
0.053635941872381174,-0.017439774639099223,0
0.053644197547094596,-0.017575624299816805,0
0.053652168009206365,-0.01771143325402872,0
0.053659853918286475,-0.01784720083005111,0
0.053667255934497296,-0.017982926359777666,0
0.05367437471858083,-0.018118609178670222,0
0.053681210931846066,-0.018254248625749363,0
0.053687765236156405,-0.01838984404358498,0
0.05369403829391718,-0.018525394778286856,0
0.05370003076806322,-0.01866090017949525,0
0.05370574332204654,-0.018796359600371453,0
0.05371117661982406,-0.018931772397588358,0
0.05371633132584542,-0.019067137931321036,0
0.0537212081050409,-0.019202455565237274,0
0.05372580762280935,-0.01933772466648815,0
0.0537301305450063,-0.019472944605698577,0
0.05373417753793199,-0.019608114756957867,0
0.053737949268319665,-0.019743234497810284,0
0.05374144640332377,-0.019878303209245576,0
0.05374466961050834,-0.020013320275689535,0
0.0537476195578354,-0.02014828508499456,0
0.053750296913653475,-0.02028319702843017,0
0.053752702346686144,-0.020418055500673576,0
0.05375483652602069,-0.020552859899800227,0
0.05375670012109683,-0.02068760962727433,0
0.053758293801695445,-0.020822304087939423,0
0.053759618237927506,-0.020956942690008907,0
0.053760674100222984,-0.02109152484505659,0
0.05376146205931983,-0.02122604996800725,0
0.05376198278625307,-0.021360517477127163,0
0.05376223695234395,-0.021494926794014654,0
0.05376222522918915,-0.021629277343590658,0
0.053761948288650066,-0.02176356855408928,0
0.053761406802842145,-0.02189779985704831,0
0.05376060144412438,-0.022031970687299826,0
0.05375953288508872,-0.022166080482960714,0
0.05375820179854969,-0.02230012868542325,0
0.05375660885753399,-0.02243411473934566,0
0.05375475473527023,-0.022568038092642673,0
0.053752640105178676,-0.022701898196476104,0
0.05375026564086109,-0.022835694505245415,0
0.053747632016090646,-0.022969426476578302,0
0.05374473990480188,-0.023103093571321256,0
0.053741589981080744,-0.023236695253530164,0
0.053738182919154706,-0.023370230990460886,0
0.05373451939338294,-0.02350370025255985,0
0.05373060007824654,-0.023637102513454633,0
0.0537264256483388,-0.02377043724994458,0
0.053721996778355645,-0.023903703941991403,0
0.05371731414308604,-0.024036902072709778,0
0.05371237841740242,-0.024170031128357965,0
0.05370719027625138,-0.02430309059832844,0
0.05370175039464417,-0.024436079975138504,0
0.0536960594476475,-0.024568998754420923,0
0.05369011811037419,-0.024701846434914545,0
0.05368392705797407,-0.02483462251845498,0
0.053677486965624806,-0.024967326509965204,0
0.05367079850852286,-0.025099957917446236,0
0.053663862361874516,-0.02523251625196781,0
0.0536566792008869,-0.025365001027659023,0
0.05364924970075915,-0.025497411761699004,0
0.05364157453667358,-0.025629747974307615,0
0.053633654383786936,-0.025762009188736133,0
0.05362548991722173,-0.025894194931257927,0
0.053617081812057564,-0.02602630473115919,0
0.05360843074332261,-0.02615833812072962,0
0.05359953738598507,-0.02629029463525317,0
0.05359040241494477,-0.026422173812998734,0
0.05358102650502468,-0.02655397519521091,0
0.053571410330962715,-0.026685698326100737,0
0.05356155456740334,-0.02681734275283643,0
0.053551459888889444,-0.026948908025534155,0
0.05354112696985415,-0.027080393697248784,0
0.0535305564846127,-0.02721179932396468,0
0.05351974910735446,-0.027343124464586466,0
0.053508705512134914,-0.02747436868092984,0
0.05349742637286774,-0.02760553153771235,0
0.05348591236331694,-0.027736612602544227,0
0.05347416415708907,-0.027867611445919205,0
0.0534621824276254,-0.02799852764120532,0
0.0534499678481943,-0.028129360764635798,0
0.053437521091883565,-0.028260110395299864,0
0.053424842831592816,-0.028390776115133628,0
0.053411933740025994,-0.02852135750891092,0
0.05339879448968386,-0.028651854164234214,0
0.05338542575285658,-0.028782265671525482,0
0.05337182820161638,-0.028912591624017107,0
0.053358002507810184,-0.029042831617742786,0
0.0533439493430524,-0.029172985251528467,0
0.0533296693787177,-0.029303052126983253,0
0.05331516328593386,-0.029433031848490374,0
0.05330043173557466,-0.029562924023198118,0
0.053285475398252846,-0.029692728261010805,0
0.053270294944313144,-0.02982244417457974,0
0.053254891043825275,-0.029952071379294242,0
0.05323926436657714,-0.030081609493272612,0
0.05322341558206791,-0.030211058137353124,0
0.053207345359501265,-0.030340416935085098,0
0.05319105436777869,-0.03046968551271988,0
0.05317454327549273,-0.03059886349920192,0
0.05315781275092041,-0.030727950526159793,0
0.05314086346201663,-0.03085694622789732,0
0.053123696076407635,-0.03098585024138459,0
0.05310631126138452,-0.03111466220624908,0
0.05308870968389683,-0.031243381764766757,0
0.05307089201054615,-0.031372008561853196,0
0.05305285890757976,-0.031500542245054705,0
0.053034611040884395,-0.031628982464539455,0
0.05301614907597998,-0.031757328873088644,0
0.05299747367801339,-0.03188558112608769,0
0.052978585511752455,-0.032013738881517345,0
0.05295948524157971,-0.03214180179994494,0
0.05294017353148644,-0.03226976954451559,0
0.05292065104506667,-0.03239764178094336,0
0.052900918445511216,-0.032525418177502576,0
0.052880976395601756,-0.03265309840501898,0
0.05286082555770503,-0.03278068213686107,0
0.05284046659376697,-0.032908169048931304,0
0.052819900165307,-0.03303555881965743,0
0.052799126933412245,-0.033162851129983774,0
0.05277814755873196,-0.0332900456633625,0
0.05275696270147181,-0.033417142105745035,0
0.05273557302138835,-0.033544140145573303,0
0.05271397917778346,-0.033671039473771154,0
0.05269218182949893,-0.033797839783735704,0
0.052670181634910884,-0.03392454077132869,0
0.052647979251924486,-0.03405114213486788,0
0.05262557533796856,-0.03417764357511853,0
0.05260297054999028,-0.03430404479528473,0
0.05258016554444989,-0.03443034550100088,0
0.05255716097731547,-0.034556545400323144,0
0.052533957504057816,-0.034682644203720886,0
0.05251055577964523,-0.03480864162406821,0
0.05248695645853848,-0.03493453737663538,0
0.0524631601946857,-0.035060331179080355,0
0.052439167641517424,-0.03518602275144036,0
0.05241497945194164,-0.03531161181612338,0
0.052390596278338766,-0.03543709809789968,0
0.05236601877255687,-0.03556248132389344,0
0.0523412475859068,-0.0356877612235743,0
0.05231628336915737,-0.03581293752874898,0
0.052291126772530595,-0.03593800997355285,0
0.052265778445696985,-0.0360629782944416,0
0.05224023903777089,-0.03618784223018287,0
0.052214509197305865,-0.03631260152184791,0
0.05218858957229,-0.03643725591280323,0
0.05216248081014145,-0.03656180514870232,0
0.0521361835577039,-0.03668624897747731,0
0.05210969846124207,-0.03681058714933078,0
0.05208302616643728,-0.03693481941672737,0
0.05205616731838305,-0.03705894553438561,0
0.05202912256158079,-0.037182965259269674,0
0.052001892539935424,-0.03730687835058114,0
0.05197447789675111,-0.03743068456975083,0
0.05194687927472704,-0.03755438368043052,0
0.051919097315953205,-0.03767797544848492,0
0.05189113266190625,-0.037801459641983386,0
0.051862985953445344,-0.03792483603119182,0
0.051834657830808005,-0.03804810438856457,0
0.05180614893360623,-0.03817126448873632,0
0.05177745990082232,-0.03829431610851394,0
0.05174859137080494,-0.03841725902686847,0
0.05171954398126521,-0.03854009302492701,0
0.051690318369272785,-0.03866281788596472,0
0.05166091517125199,-0.03878543339539678,0
0.05163133502297797,-0.03890793934077034,0
0.05160157855957288,-0.03903033551175653,0
0.051571646415502194,-0.039152621700142554,0
0.05154153922457094,-0.039274797699823616,0
0.05151125761991996,-0.03939686330679505,0
0.051480802234022335,-0.03951881831914431,0
0.05145017369867974,-0.03964066253704317,0
0.05141937264501887,-0.03976239576273971,0
0.05138839970348783,-0.039884017800550495,0
0.0513572555038527,-0.040005528456852665,0
0.05132594067519402,-0.040126927540076136,0
0.05129445584590335,-0.04024821486069573,0
0.05126280164367986,-0.04036939023122335,0
0.05123097869552692,-0.04049045346620021,0
0.051198987627748806,-0.04061140438218902,0
0.05116682906594738,-0.04073224279776625,0
0.05113450363501878,-0.04085296853351431,0
0.051102011959150165,-0.04097358141201391,0
0.051069354661816585,-0.04109408125783628,0
0.05103653236577773,-0.04121446789753547,0
0.051003545693074796,-0.041334741159640656,0
0.05097039526502738,-0.04145490087464852,0
0.05093708170223038,-0.04157494687501556,0
0.050903605624551,-0.04169487899515047,0
0.05086996765112566,-0.041814697071406476,0
0.05083616840035705,-0.0419344009420738,0
0.05080220848991117,-0.04205399044737203,0
0.050768088536714405,-0.042173465429442586,0
0.05073380915695062,-0.04229282573234113,0
0.05069937096605829,-0.04241207120203005,0
0.050664774578727756,-0.042531201686370944,0
0.05063002060889829,-0.042650217035117136,0
0.050595109669755424,-0.04276911709990615,0
0.05056004237372814,-0.04288790173425225,0
0.050524819332486266,-0.04300657079353903,0
0.05048944115693767,-0.04312512413501197,0
0.05045390845722569,-0.043243561617770966,0
0.05041822184272647,-0.04336188310276298,0
0.05038238192204645,-0.04348008845277468,0
0.05034638930301969,-0.043598177532424995,0
0.05031024459270543,-0.04371615020815784,0
0.050273948397385505,-0.043834006348234734,0
0.05023750132256196,-0.043951745822727546,0
0.05020090397295456,-0.04406936850351114,0
0.05016415695249834,-0.0441868742642561,0
0.05012726086434126,-0.0443042629804215,0
0.05009021631084184,-0.04442153452924762,0
0.05005302389356683,-0.04453868878974877,0
0.050015684213288863,-0.044655725642706035,0
0.04997819786998421,-0.04477264497066006,0
0.04994056546283056,-0.044889446657903925,0
0.04990278759020473,-0.04500613059047596,0
0.04986486484968051,-0.0451226966561526,0
0.04982679783802648,-0.04523914474444125,0
0.04978858715120392,-0.04535547474657319,0
0.049750233384364594,-0.045471686555496514,0
0.04971173713184874,-0.04558778006586897,0
0.04967309898718297,-0.04570375517405095,0
0.049634319543078294,-0.04581961177809851,0
0.04959539939142802,-0.045935349777756235,0
0.049556339123305836,-0.0460509690744503,0
0.0495171393289638,-0.04616646957128145,0
0.04947780059783048,-0.04628185117301806,0
0.04943832351850902,-0.046397113786089184,0
0.049398708678775174,-0.04651225731857756,0
0.04935895666557558,-0.04662728168021273,0
0.04931906806502584,-0.046742186782364144,0
0.04927904346240878,-0.04685697253803426,0
0.04923888344217259,-0.04697163886185167,0
0.0491985885879291,-0.047086185670064236,0
0.04915815948245212,-0.04720061288053232,0
0.04911759670767561,-0.047314920412721874,0
0.04907690084469207,-0.04742910818769772,0
0.04903607247375086,-0.04754317612811669,0
0.04899511217425658,-0.04765712415822094,0
0.04895402052476746,-0.04777095220383114,0
0.04891279810299371,-0.047884660192339765,0
0.04887144548579604,-0.04799824805270437,0
0.04882996324918408,-0.04811171571544092,0
0.048788351968314866,-0.04822506311261708,0
0.04874661221749132,-0.048338290177845564,0
0.0487047445701608,-0.048451396846277466,0
0.048662749598913674,-0.04856438305459568,0
0.04862062787548189,-0.04867724874100823,0
0.048578379970737474,-0.04878999384524175,0
0.04853600645469129,-0.04890261830853477,0
0.048493507896491594,-0.049015122073631325,0
0.04845088486442275,-0.04912750508477432,0
0.04840813792590381,-0.04923976728769898,0
0.048365267647487345,-0.049351908629626365,0
0.04832227459485815,-0.049463929059256936,0
0.048279159332831896,-0.049575828526764,0
0.04823592242535403,-0.049687606983787276,0
0.04819256443549846,-0.04979926438342645,0
0.04814908592546645,-0.04991080068023478,0
0.04810548745658544,-0.050022215830212664,0
0.04806176958930782,-0.05013350979080124,0
0.04801793288320994,-0.05024468252087601,0
0.047973977896990906,-0.050355733980740516,0
0.04792990518847154,-0.050466664132120004,0
0.0478857153145933,-0.05057747293815504,0
0.04784140883141723,-0.050688160363395234,0
0.047796986294123024,-0.05079872637379302,0
0.047752448257007904,-0.050909170936697265,0
0.04770779527348572,-0.051019494020847114,0
0.04766302789608594,-0.051129695596365654,0
0.04761814667645275,-0.05123977563475381,0
0.04757315216534413,-0.05134973410888409,0
0.04752804491263091,-0.05145957099299431,0
0.04748282546729592,-0.05156928626268154,0
0.04743749437743312,-0.051678879894895946,0
0.047392052190246794,-0.051788351867934596,0
0.047346499452050654,-0.051897702161435334,0
0.04730083670826705,-0.052006930756370716,0
0.04725506450342624,-0.05211603763504193,0
0.04720918338116556,-0.052225022781072716,0
0.047163193884228696,-0.05233388617940327,0
0.04711709655446495,-0.05244262781628424,0
0.04707089193282855,-0.052551247679270746,0
0.04702458055937791,-0.05265974575721631,0
0.04697816297327496,-0.052768122040266915,0
0.04693163971278453,-0.05287637651985498,0
0.04688501131527366,-0.05298450918869349,0
0.04683827831721103,-0.05309252004077,0
0.04679144125416627,-0.05320040907134073,0
0.04674450066080945,-0.05330817627692463,0
0.046697457070910484,-0.053415821655297575,0
0.04665031101733857,-0.05352334520548641,0
0.04660306303206164,-0.05363074692776316,0
0.046555713646145844,-0.0537380268236391,0
0.04650826338975511,-0.05384518489585908,0
0.04646071279215058,-0.05395222114839557,0
0.04641306238169016,-0.05405913558644298,0
0.046365312685828074,-0.054165928216411814,0
0.04631746423111444,-0.05427259904592299,0
0.04626951754319486,-0.054379148083802044,0
0.046221473146809966,-0.0544855753400734,0
0.04617333156579506,-0.054591880825954724,0
0.04612509332307977,-0.054698064553851164,0
0.046076758940687704,-0.05480412653734977,0
0.04602832893973601,-0.054910066791213706,0
0.04597980384043518,-0.05501588533137672,0
0.04593118416208864,-0.05512158217493749,0
0.04588247042309257,-0.055227157340154,0
0.045833663140935496,-0.055332610846437945,0
0.04578476283219813,-0.05543794271434916,0
0.0457357700125531,-0.055543152965590085,0
0.04568668519676469,-0.055648241623000215,0
0.04563750889868865,-0.05575320871055052,0
0.04558824163127199,-0.055858054253338,0
0.04553888390655279,-0.05596277827758016,0
0.04548943623566008,-0.056067380810609545,0
0.04543989912881359,-0.05617186188086824,0
0.04539027309532366,-0.05627622151790248,0
0.04534055864359114,-0.05638045975235715,0
0.04529075628110725,-0.05648457661597046,0
0.04524086651445346,-0.056588572141568455,0
0.04519088984930144,-0.05669244636305968,0
0.04514082679041297,-0.05679619931542979,0
0.045090677841639934,-0.05689983103473626,0
0.04504044350592419,-0.05700334155810295,0
0.044990124285297604,-0.05710673092371485,0
0.04493972068088205,-0.057209999170812764,0
0.044889233192889344,-0.057313146339688044,0
0.04483866232062133,-0.05741617247167726,0
0.04478800856246985,-0.05751907760915698,0
0.04473727241591682,-0.057621861795538534,0
0.04468645437753428,-0.0577245250752628,0
0.04463555494298442,-0.05782706749379495,0
0.044584574607019714,-0.05792948909761927,0
0.044533513863483,-0.05803178993423401,0
0.04448237320530757,-0.05813397005214622,0
0.044431153124517286,-0.05823602950086654,0
0.04437985411222671,-0.05833796833090412,0
0.044328476658641286,-0.05843978659376155,0
0.04427702125305747,-0.05854148434192966,0
0.04422548838386288,-0.05864306162888249,0
0.04417387853853651,-0.058744518509072176,0
0.04412219220364889,-0.058845855037923986,0
0.04407042986486235,-0.058947071271831214,0
0.04401859200693115,-0.05904816726815015,0
0.04396667911370182,-0.05914914308519504,0
0.043914691668113306,-0.059249998782233235,0
0.04386263015219727,-0.059350734419480064,0
0.04381049504707835,-0.05945135005809394,0
0.04375828683297443,-0.05955184576017135,0
0.04370600598919695,-0.05965222158874203,0
0.0436536529941512,-0.05975247760776398,0
0.0436012283253366,-0.059852613882118544,0
0.043548732459347046,-0.059952630477605524,0
0.043496165871871294,-0.0600525274609384,0
0.043443529037693225,-0.06015230489973937,0
0.04339082243069225,-0.060251962862534515,0
0.043338046523843654,-0.06035150141874903,0
0.04328520178921902,-0.06045092063870239,0
0.043232288697986565,-0.060550220593603515,0
0.043179307720411585,-0.06064940135554605,0
0.04312625932585682,-0.060748462997503506,0
0.04307314398278294,-0.06084740559332464,0
0.04301996215874894,-0.0609462292177286,0
0.042966714320412575,-0.06104493394630024,0
0.042913400933530826,-0.06114351985548543,0
0.04286002246296039,-0.06124198702258636,0
0.042806579372658124,-0.06134033552575684,0
0.04275307212568154,-0.06143856544399764,0
0.04269950118418928,-0.061536676857151834,0
0.042645867009441674,-0.06163466984590021,0
0.042592170061801236,-0.061732544491756615,0
0.042538410800733124,-0.06183030087706334,0
0.042484589684805785,-0.06192793908498653,0
0.04243070717169142,-0.062025459199511634,0
0.04237676371816658,-0.062122861305438835,0
0.0423227597801127,-0.06222014548837848,0
0.04226869581251669,-0.062317311834746564,0
0.04221457226947154,-0.0624143604317602,0
0.04216038960417688,-0.06251129136743315,0
0.04210614826893961,-0.06260810473057131,0
0.04205184871517444,-0.06270480061076816,0
0.04199749139340465,-0.06280137909840047,0
0.04194307675326258,-0.06289784028462372,0
0.041888605243490355,-0.06299418426136769,0
0.041834077311940485,-0.06309041112133204,0
0.04177949340557657,-0.06318652095798197,0
0.04172485397047395,-0.06328251386554375,0
0.041670159451820316,-0.06337838993900037,0
0.041615410293916494,-0.06347414927408718,0
0.04156060694017708,-0.06356979196728756,0
0.04150574983313117,-0.06366531811582854,0
0.04145083941442302,-0.06376072781767654,0
0.04139587612481281,-0.06385602117153297,0
0.04134086040417736,-0.06395119827683007,0
0.04128579269151088,-0.06404625923372653,0
0.041230673424925667,-0.06414120414310324,0
0.041175503041652885,-0.06423603310655904,0
0.04112028197804336,-0.06433074622640653,0
0.041065010669568275,-0.06442534360566779,0
0.04100968955081999,-0.06451982534807021,0
0.040954319055512806,-0.06461419155804224,0
0.04089889961648382,-0.06470844234070927,0
0.04084343166569362,-0.06480257780188943,0
0.04078791563422715,-0.06489659804808945,0
0.04073235195229454,-0.06499050318650045,0
0.0406767410492319,-0.06508429332499394,0
0.04062108335350214,-0.0651779685721176,0
0.04056537929269586,-0.06527152903709121,0
0.04050962929353211,-0.06536497482980258,0
0.04045383378185932,-0.06545830606080344,0
0.040397993182656175,-0.06555152284130542,0
0.04034210792003235,-0.06564462528317595,0
0.0402861784172295,-0.06573761349893432,0
0.04023020509662216,-0.06583048760174753,0
0.04017418837971855,-0.0659232477054264,0
0.04011812868716149,-0.0660158939244215,0
0.040062026438729345,-0.06610842637381918,0
0.040005882053336904,-0.06620084516933766,0
0.03994969594903631,-0.06629315042732299,0
0.03989346854301794,-0.06638534226474517,0
0.039837200251611374,-0.06647742079919419,0
0.03978089149028637,-0.06656938614887614,0
0.03972454267365372,-0.06666123843260931,0
0.039668154215466225,-0.06675297776982023,0
0.03961172652861971,-0.06684460428053987,0
0.03955526002515392,-0.06693611808539977,0
0.039498755116253524,-0.0670275193056282,0
0.03944221221224904,-0.06711880806304622,0
0.0393856317226179,-0.06720998448006396,0
0.03932901405598538,-0.06730104867967682,0
0.03927235962012561,-0.06739200078546158,0
0.039215668821962535,-0.06748284092157267,0
0.039158942067571,-0.06757356921273838,0
0.03910217976217768,-0.06766418578425715,0
0.03904538231016218,-0.06775469076199375,0
0.038988550115057974,-0.06784508427237555,0
0.038931683579553504,-0.06793536644238884,0
0.03887478310549316,-0.0680255373995751,0
0.03881784909387837,-0.0681155972720273,0
0.03876088194486862,-0.06820554618838623,0
0.0387038820577825,-0.06829538427783674,0
0.03864684983109881,-0.06838511167010422,0
0.03858978566245755,-0.0684747284954509,0
0.03853268994866104,-0.0685642348846721,0
0.038475563085674985,-0.06865363096909277,0
0.038418405468629555,-0.0687429168805638,0
0.03836121749182048,-0.06883209275145843,0
0.03830399954871012,-0.06892115871466865,0
0.03824675203192853,-0.06901011490360165,0
0.038189475333274665,-0.06909896145217623,0
0.03813216984371741,-0.06918769849481929,0
0.038074835953396675,-0.06927632616646227,0
0.038017474051624554,-0.06936484460253757,0
0.037960084526886435,-0.06945325393897515,0
0.03790266776684215,-0.06954155431219897,0
0.03784522415832705,-0.0696297458591234,0
0.03778775408735317,-0.06971782871714995,0
0.03773025793911041,-0.06980580302416362,0
0.03767273609796761,-0.06989366891852954,0
0.03761518894747377,-0.06998142653908951,0
0.03755761687035911,-0.07006907602515858,0
0.03750002024853635,-0.07015661751652154,0
0.03744239946310182,-0.0702440511534297,0
0.03738475489433656,-0.07033137707659728,0
0.03732708692170761,-0.07041859542719821,0
0.03726939592386911,-0.07050570634686262,0
0.03721168227866355,-0.07059270997767357,0
0.037153946363122865,-0.07067960646216366,0
0.03709618855346969,-0.0707663959433117,0
0.037038409225118536,-0.07085307856453939,0
0.036980608752677044,-0.07093965446970801,0
0.036922787509947076,-0.07102612380311511,0
0.03686494586992602,-0.0711124867094912,0
0.036807084204807966,-0.07119874333399652,0
0.03674920288598491,-0.07128489382221774,0
0.03669130228404801,-0.07137093832016471,0
0.036633382768788754,-0.07145687697426714,0
0.036575444709200274,-0.07154270993137157,0
0.036517488473478486,-0.07162843733873793,0
0.03645951442902338,-0.07171405934403642,0
0.03640152294244024,-0.0717995760953443,0
0.03634351437954092,-0.07188498774114274,0
0.036285489105345015,-0.07197029443031361,0
0.036227447484081195,-0.07205549631213626,0
0.03616938987918842,-0.07214059353628445,0
0.036111316653317196,-0.07222558625282316,0
0.036053228168330856,-0.07231047461220551,0
0.035995124785306795,-0.07239525876526955,0
0.03593700686453777,-0.07247993886323517,0
0.03587887476553315,-0.0725645150577011,0
0.03582072884702021,-0.07264898750064173,0
0.035762569466945365,-0.072733356344404,0
0.035704396982475524,-0.07281762174170438,0
0.03564621174999931,-0.07290178384562586,0
0.0355880141251284,-0.07298584280961484,0
0.03552980446269877,-0.07306979878747812,0
0.035471583116772,-0.07315365193337979,0
0.035413350440636635,-0.07323740240183842,0
0.03535510678680937,-0.07332105034772383,0
0.03529685250703647,-0.07340459592625424,0
0.035238587952295,-0.07348803929299323,0
0.03518031347279415,-0.0735713806038468,0
0.03512202941797658,-0.0736546200150604,0
0.035063736136519724,-0.07373775768321594,0
0.035005433976337055,-0.07382079376522889,0
0.03494712328457948,-0.07390372841834539,0
0.034888804407636656,-0.07398656180013924,0
0.034830477691138256,-0.07406929406850905,0
0.034772143479955366,-0.07415192538167534,0
0.034713802118201784,-0.07423445589817763,0
0.03465545394923535,-0.07431688577687158,0
0.034597099315659324,-0.07439921517692615,0
0.034538738559323656,-0.07448144425782062,0
0.03448037202132641,-0.07456357317934195,0
0.03442200004201505,-0.07464560210158176,0
0.03436362296098783,-0.0747275311849336,0
0.034305241117095105,-0.07480936059009007,0
0.03424685484844071,-0.07489109047804007,0
0.03418846449238329,-0.07497272101006605,0
0.03413007038553771,-0.07505425234774107,0
0.03407167286377635,-0.07513568465292614,0
0.03401327226223053,-0.07521701808776743,0
0.0339548689152918,-0.07529825281469354,0
0.03389646315661337,-0.07537938899641274,0
0.03383805531911144,-0.07546042679591011,0
0.03377964573496664,-0.07554136637644507,0
0.033721234735625306,-0.07562220790154843,0
0.03366282265180089,-0.07570295153501981,0
0.0336044098134754,-0.07578359744092487,0
0.03354599654990068,-0.07586414578359271,0
0.03348758318959986,-0.07594459672761313,0
0.03342917006036872,-0.07602495043783394,0
0.03337075748927706,-0.07610520707935836,0
0.0333123458026701,-0.07618536681754237,0
0.03325393532616988,-0.07626542981799203,0
0.03319552638467666,-0.0763453962465609,0
0.033137119302370246,-0.07642526626934734,0
0.03307871440271147,-0.076505040052692,0
0.03302031200844353,-0.07658471776317517,0
0.0329619124415934,-0.07666429956761421,0
0.03290351602347323,-0.07674378563306088,0
0.03284512307468177,-0.07682317612679893,0
0.03278673391510578,-0.07690247121634138,0
0.03272834886392135,-0.07698167106942809,0
0.03266996823959539,-0.0770607758540231,0
0.03261159235988704,-0.07713978573831223,0
0.032553221541848996,-0.07721870089070045,0
0.032494856101829034,-0.07729752147980935,0
0.032436496355471314,-0.07737624767447475,0
0.03237814261771789,-0.07745487964374409,0
0.03231979520281007,-0.07753341755687401,0
0.0322614544242898,-0.07761186158332782,0
0.03220312059500117,-0.07769021189277306,0
0.03214479402709177,-0.07776846865507903,0
0.032086475032014124,-0.07784663204031438,0
0.0320281639205271,-0.07792470221874456,0
0.031969861002697365,-0.0780026793608295,0
0.031911566587900786,-0.07808056363722113,0
0.03185328098482388,-0.078158355218761,0
0.03179500450146518,-0.07823605427647778,0
0.031736737445136706,-0.07831366098158497,0
0.031678480122465436,-0.07839117550547847,0
0.031620232839394635,-0.07846859801973421,0
0.03156199590118537,-0.07854592869610574,0
0.0315037696124179,-0.07862316770652186,0
0.03144555427699313,-0.07870031522308438,0
0.03138735019813404,-0.07877737141806564,0
0.031329157678387086,-0.07885433646390623,0
0.03127097701962368,-0.07893121053321264,0
0.03121280852304166,-0.07900799379875499,0
0.031154652489166598,-0.07908468643346471,0
0.031096509217853358,-0.07916128861043215,0
0.03103837900828747,-0.07923780050290435,0
0.03098026215898665,-0.07931422228428285,0
0.03092215896780215,-0.07939055412812122,0
0.030864069731920223,-0.07946679620812293,0
0.0308059947478636,-0.07954294869813901,0
0.030747934311492912,-0.07961901177216589,0
0.03068988871800812,-0.07969498560434309,0
0.030631858261949977,-0.07977087036895099,0
0.030573843237201453,-0.07984666624040859,0
0.030515843936989237,-0.07992237339327136,0
0.03045786065388511,-0.07999799200222898,0
0.030399893679807402,-0.08007352224210312,0
0.03034194330602251,-0.08014896428784524,0
0.03028400982314625,-0.08022431831453451,0
0.03022609352114539,-0.08029958449737551,0
0.03016819468933903,-0.08037476301169612,0
0.030110313616400087,-0.08044985403294533,0
0.030052450590356754,-0.08052485773669112,0
0.029994605898593936,-0.0805997742986183,0
0.029936779827854677,-0.08067460389452638,0
0.02987897266424164,-0.08074934670032742,0
0.029821184693218553,-0.08082400289204393,0
0.029763416199611672,-0.08089857264580676,0
0.029705667467611198,-0.08097305613785295,0
0.029647938780772754,-0.08104745354452372,0
0.029590230422018853,-0.0811217650422623,0
0.029532542673640312,-0.08119599080761189,0
0.029474875817297744,-0.08127013101721356,0
0.029417230134022972,-0.08134418584780423,0
0.029359605904220498,-0.08141815547621453,0
0.02930200340766899,-0.08149204007936688,0
0.029244422923522667,-0.0815658398342733,0
0.02918686473031284,-0.08163955491803347,0
0.029129329105949276,-0.08171318550783269,0
0.029071816327721704,-0.08178673178093986,0
0.029014326672301263,-0.0818601939147054,0
0.02895686041574195,-0.08193357208655937,0
0.028899417833482065,-0.08200686647400937,0
0.028841999200345702,-0.08208007725463862,0
0.028784604790544156,-0.08215320460610388,0
0.028727234877677383,-0.08222624870613363,0
0.028669889734735485,-0.08229920973252594,0
0.02861256963410017,-0.08237208786314666,0
0.02855527484754615,-0.08244488327592735,0
0.028498005646242625,-0.08251759614886338,0
0.028440762300754766,-0.08259022666001198,0
0.028383545081045115,-0.08266277498749039,0
0.028326354256475086,-0.08273524130947384,0
0.028269190095806397,-0.0828076258041936,0
0.02821205286720248,-0.08287992864993526,0
0.02815494283823004,-0.08295215002503666,0
0.028097860275860406,-0.08302429010788599,0
0.02804080544647101,-0.08309634907692004,0
0.027983778615846885,-0.08316832711062223,0
0.027926780049182073,-0.0832402243875207,0
0.027869810011081048,-0.08331204108618656,0
0.027812868765560238,-0.08338377738523192,0
0.027755956576049446,-0.08345543346330811,0
0.027699073705393276,-0.08352700949910384,0
0.027642220415852622,-0.08359850567134328,0
0.02758539696910607,-0.08366992215878431,0
0.027528603626251397,-0.08374125914021671,0
0.027471840647806993,-0.08381251679446032,0
0.02741510829371333,-0.08388369530036315,0
0.027358406823334357,-0.08395479483679968,0
0.027301736495459007,-0.08402581558266908,0
0.027245097568302633,-0.08409675771689337,0
0.027188490299508414,-0.0841676214184156,0
0.02713191494614885,-0.08423840686619816,0
0.02707537176472718,-0.08430911423922095,0
0.02701886101117884,-0.0843797437164797,0
0.026962382940872897,-0.08445029547698411,0
0.026905937808613493,-0.08452076969975617,0
0.026849525868641297,-0.0845911665638284,0
0.026793147374634924,-0.08466148624824213,0
0.02673680257971243,-0.08473172893204577,0
0.026680491736432686,-0.08480189479429304,0
0.02662421509679686,-0.08487198401404136,0
0.02656797291224986,-0.08494199677035004,0
0.026511765433681733,-0.08501193324227864,0
0.026455592911429154,-0.08508179360888521,0
0.02639945559527683,-0.0851515780492247,0
0.026343353734458952,-0.08522128674234723,0
0.02628728757766062,-0.08529091986729638,0
0.026231257373019283,-0.08536047760310754,0
0.026175263368126193,-0.08542996012880628,0
0.0261193058100278,-0.08549936762340674,0
0.02606338494522722,-0.08556870026590976,0
0.02600750101968565,-0.08563795823530156,0
0.02595165427882381,-0.0857071417105518,0
0.025895844967523347,-0.08577625087061219,0
0.02584007333012831,-0.08584528589441472,0
0.025784339610446537,-0.08591424696087002,0
0.025728644051751116,-0.0859831342488659,0
0.025672986896781776,-0.08605194793726564,0
0.02561736838774633,-0.08612068820490638,0
0.025561788766322112,-0.08618935523059756,0
0.02550624827365742,-0.08625794919311931,0
0.025450747150372863,-0.08632647027122095,0
0.02539528563656287,-0.08639491864361927,0
0.025339863971797046,-0.08646329448899706,0
0.025284482395121644,-0.08653159798600157,0
0.02522914114506094,-0.08659982931324288,0
0.02517384045961868,-0.0866679886492924,0
0.025118580576279498,-0.08673607617268124,0
0.025063361732010323,-0.08680409206189883,0
0.02500818416326177,-0.08687203649539127,0
0.024953048105969617,-0.08693990965155977,0
0.024897953795556146,-0.08700771170875925,0
0.0248429014669316,-0.08707544284529672,0
0.02478789135449562,-0.08714310323942986,0
0.024732923692138562,-0.08721069306936542,0
0.02467799871324297,-0.08727821251325779,0
0.02462311665068502,-0.08734566174920749,0
0.02456827773683584,-0.0874130409552597,0
0.024513482203562968,-0.08748035030940272,0
0.024458730282231778,-0.08754758998956653,0
0.024404022203706778,-0.08761476017362144,0
0.02434935819835315,-0.08768186103937636,0
0.024294738496038065,-0.08774889276457762,0
0.024240163326132092,-0.08781585552690731,0
0.024185632917510597,-0.08788274950398196,0
0.0241311474985552,-0.08794957487335109,0
0.024076707297155057,-0.08801633181249569,0
0.024022312540708343,-0.08808302049882681,0
0.023967963456123623,-0.08814964110968426,0
0.023913660269821245,-0.08821619382233507,0
0.023859403207734695,-0.0882826788139721,0
0.023805192495312058,-0.08834909626171258,0
0.023751028357517336,-0.08841544634259686,0
0.02369691101883187,-0.08848172923358688,0
0.023642840703255726,-0.0885479451115648,0
0.02358881763430905,-0.08861409415333167,0
0.023534842035033473,-0.08868017653560598,0
0.023480914127993538,-0.08874619243502233,0
0.023427034135277962,-0.08881214202813005,0
0.02337320227850112,-0.0888780254913918,0
0.0233194187788044,-0.0889438430011823,0
0.023265683856857552,-0.08900959473378688,0
0.023211997732860052,-0.08907528086540016,0
0.023158360626542526,-0.08914090157212472,0
0.023104772757168088,-0.08920645702996978,0
0.023051234343533723,-0.08927194741484984,0
0.022997745603971616,-0.08933737290258333,0
0.022944306756350587,-0.08940273366889129,0
0.022890918018077397,-0.08946802988939616,0
0.022837579606098155,-0.0895332617396203,0
0.022784291736899623,-0.08959842939498479,0
0.022731054626510646,-0.0896635330308081,0
0.02267786849050349,-0.08972857282230479,0
0.02262473354399516,-0.08979354894458424,0
0.022571650001648787,-0.08985846157264933,0
0.022518618077675006,-0.08992331088139513,0
0.02246563798583327,-0.08998809704560772,0
0.022412709939433208,-0.09005282023996283,0
0.02235983415133603,-0.09011748063902462,0
0.022307010833955743,-0.09018207841724436,0
0.022254240199260675,-0.09024661374895925,0
0.022201522458774693,-0.09031108680839109,0
0.022148857823578554,-0.09037549776964515,0
0.022096246504311336,-0.0904398468067087,0
0.022043688711171672,-0.09050413409345008,0
0.02199118465391918,-0.09056835980361719,0
0.02193873454187572,-0.0906325241108364,0
0.02188633858392676,-0.09069662718861132,0
0.021833996988522772,-0.09076066921032154,0
0.02178170996368048,-0.09082465034922146,0
0.021729477716984198,-0.09088857077843904,0
0.02167730045558719,-0.09095243067097455,0
0.02162517838621303,-0.09101623019969954,0
0.021573111715156836,-0.09107996953735545,0
0.021521100648286693,-0.09114364885655254,0
0.021469145391044876,-0.09120726832976861,0
0.021417246148449257,-0.09127082812934793,0
0.021365403125094568,-0.0913343284275,0
0.021313616525153782,-0.09139776939629833,0
0.021261886552379317,-0.09146115120767936,0
0.02121021341010448,-0.09152447403344124,0
0.02115859730124468,-0.09158773804524271,0
0.021107038428298787,-0.09165094341460188,0
0.02105553699335043,-0.09171409031289517,0
0.021004093198069302,-0.09177717891135605,0
0.02095270724371249,-0.09184020938107403,0
0.020901379331125694,-0.09190318189299342,0
0.02085010966074466,-0.0919660966179122,0
0.02079889843259634,-0.092028953726481,0
0.020747745846300302,-0.09209175338920185,0
0.020696652101069975,-0.09215449577642709,0
0.020645617395713932,-0.0922171810583583,0
0.02059464192863722,-0.09227980940504514,0
0.02054372589784261,-0.09234238098638432,0
0.02049286950093192,-0.09240489597211837,0
0.02044207293510728,-0.09246735453183462,0
0.02039133639717241,-0.09252975683496414,0
0.020340660083533964,-0.09259210305078058,0
0.020290044190202715,-0.09265439334839912,0
0.02023948891279491,-0.09271662789677533,0
0.02018899444653351,-0.0927788068647042,0
0.0201385609862495,-0.092840930420819,0
0.0200881887263831,-0.0929029987335902,0
0.020037877860985105,-0.0929650119713244,0
0.019987628583718102,-0.09302697030216334,0
0.0199374410878578,-0.09308887389408278,0
0.01988731556629423,-0.09315072291489143,0
0.01983725221153304,-0.09321251753222995,0
0.01978725121569676,-0.09327425791356989,0
0.019737312770526053,-0.09333594422621265,0
0.019687437067380985,-0.09339757663728843,0
0.019637624297242234,-0.09345915531375516,0
0.019587874650712458,-0.09352068042239761,0
0.019538188318017412,-0.09358215212982622,0
0.019488565489007285,-0.0936435706024761,0
0.019439006353157904,-0.09370493600660607,0
0.019389511099572022,-0.09376624850829761,0
0.019340079916980547,-0.09382750827345389,0
0.019290712993743728,-0.09388871546779869,0
0.0192414105178525,-0.09394987025687543,0
0.019192172676929655,-0.09401097280604624,0
0.01914299965823108,-0.09407202328049089,0
0.019093891648647013,-0.09413302184520575,0
0.019044848834703247,-0.09419396866500294,0
0.018995871402562387,-0.09425486390450928,0
0.018946959538025103,-0.09431570772816528,0
0.018898113426531294,-0.09437650030022418,0
0.01884933325316134,-0.094437241784751,0
0.018800619202637352,-0.09449793234562161,0
0.018751971459324356,-0.09455857214652166,0
0.01870339020723152,-0.09461916135094568,0
0.018654875630013366,-0.09467970012219616,0
0.01860642791097101,-0.0947401886233825,0
0.018558047233053345,-0.09480062701742019,0
0.018509733778858273,-0.09486101546702973,0
0.018461487730633896,-0.09492135413473574,0
0.018413309270279715,-0.09498164318286607,0
0.018365198579347892,-0.09504188277355083,0
0.01831715583904436,-0.0951020730687214,0
0.01826918123023009,-0.09516221423010958,0
0.018221274933422276,-0.09522230641924663,0
0.018173437128795506,-0.09528234979746238,0
0.018125667996182968,-0.09534234452588426,0
0.0180779677150777,-0.0954022907654364,0
0.018030336464633645,-0.09546218867683877,0
0.017982774423667,-0.09552203842060622,0
0.017935281770657258,-0.09558184015704758,0
0.017887858683748478,-0.09564159404626477,0
0.017840505340750448,-0.09570130024815189,0
0.017793221919139846,-0.09576095892239439,0
0.01774600859606143,-0.09582057022846806,0
0.017698865548329203,-0.09588013432563823,0
0.017651792952427605,-0.09593965137295889,0
0.01760479098451266,-0.09599912152927176,0
0.017557859820413135,-0.09605854495320544,0
0.01751099963563176,-0.09611792180317452,0
0.01746421060534634,-0.09617725223737875,0
0.01741749290441093,-0.09623653641380213,0
0.017370846707356995,-0.09629577449021205,0
0.01732427218839459,-0.09635496662415843,0
0.01727776952141346,-0.09641411297297292,0
0.017231338879984247,-0.09647321369376793,0
0.01718498043735962,-0.09653226894343589,0
0.017138694366475388,-0.09659127887864834,0
0.01709248083995174,-0.09665024365585506,0
0.0170463400300943,-0.09670916343128337,0
0.017000272108895313,-0.09676803836093707,0
0.016954277248034746,-0.0968268686005958,0
0.01690835561888146,-0.09688565430581408,0
0.016862507392494338,-0.0969443956319206,0
0.01681673273962343,-0.09700309273401726,0
0.016771031830711054,-0.0970617457669784,0
0.016725404835892924,-0.09712035488545005,0
0.016679851924999323,-0.09717892024384904,0
0.016634373267556197,-0.09723744199636213,0
0.016588969032786248,-0.09729592029694532,0
0.016543639389610086,-0.09735435529932297,0
0.016498384506647357,-0.09741274715698708,0
0.016453204552217836,-0.09747109602319631,0
0.016408099694342555,-0.09752940205097535,0
0.016363070100744895,-0.09758766539311403,0
0.016318115938851716,-0.0976458862021666,0
0.01627323737579445,-0.09770406463045091,0
0.016228434578410177,-0.0977622008300475,0
0.016183707713242814,-0.09782029495279905,0
0.01613905694654411,-0.09787834715030944,0
0.0160944824442748,-0.09793635757394295,0
0.01604998437210569,-0.09799432637482358,0
0.016005562895418782,-0.09805225370383423,0
0.01596121817930827,-0.09811013971161595,0
0.015916950388581763,-0.09816798454856711,0
0.015872759687761234,-0.09822578836484268,0
0.015828646241084206,-0.09828355131035352,0
0.01578461021250478,-0.09834127353476552,0
0.015740651765694735,-0.0983989551874989,0
0.015696771064044573,-0.09845659641772743,0
0.01565296827066466,-0.09851419737437771,0
0.015609243548386227,-0.09857175820612844,0
0.015565597059762497,-0.09862927906140954,0
0.015522028967069668,-0.0986867600884016,0
0.015478539432308092,-0.098744201435035,0
