-0.10101695673448514,0.036767165407509406,0
-0.10118908707928549,0.036438594320593334,0
-0.10135999540304351,0.03610971243162975,0
-0.10152968296406539,0.035780525110964564,0
-0.10169815104150799,0.03545103771032129,0
-0.10186540093523043,0.035121255562760724,0
-0.10203143396564589,0.03479118398264184,0
-0.10219625147357403,0.034460828265583096,0
-0.1023598548200933,0.0341301936884251,0
-0.10252224538639407,0.03379928550919366,0
-0.10268342457363173,0.033468108967064016,0
-0.10284339380278029,0.03313666928232588,0
-0.10300215451448631,0.03280497165634917,0
-0.10315970816892318,0.032473021271550766,0
-0.10331605624564572,0.03214082329136194,0
-0.10347120024344517,0.03180838286019671,0
-0.1036251416802045,0.03147570510342107,0
-0.1037778820927541,0.031142795127322896,0
-0.10392942303672792,0.030809658019082708,0
-0.10407976608641971,0.030476298846745423,0
-0.10422891283463992,0.030142722659192718,0
-0.10437686489257289,0.029808934486116056,0
-0.10452362388963427,0.029474939337990995,0
-0.10466919147332897,0.02914074220605183,0
-0.10481356930910947,0.028806348062267083,0
-0.10495675908023439,0.0284717618593161,0
-0.10509876248762766,0.028136988530565937,0
-0.10523958124973784,0.027802032990049415,0
-0.10537921710239796,0.027466900132443853,0
-0.10551767179868574,0.027131594833050363,0
-0.10565494710878423,0.02679612194777394,0
-0.10579104481984264,0.026460486313104804,0
-0.10592596673583797,0.0261246927460996,0
-0.10605971467743655,0.02578874604436416,0
-0.10619229048185644,0.025452650986036437,0
-0.10632369600272983,0.025116412329770608,0
-0.10645393310996616,0.024780034814721394,0
-0.10658300368961554,0.024443523160529775,0
-0.10671090964373244,0.024106882067308624,0
-0.10683765289024,0.023770116215629793,0
-0.10696323536279466,0.023433230266511382,0
-0.10708765901065123,0.023096228861405905,0
-0.10721092579852826,0.0227591166221894,0
-0.10733303770647405,0.02242189815115049,0
-0.10745399672973292,0.02208457803098112,0
-0.10757380487861185,0.021747160824767277,0
-0.10769246417834777,0.021409651075980363,0
-0.10780997666897506,0.021072053308469837,0
-0.10792634440519361,0.020734372026455918,0
-0.10804156945623715,0.020396611714523186,0
-0.10815565390574226,0.02005877683761491,0
-0.10826859985161759,0.019720871841027967,0
-0.10838040940591358,0.0193829011504082,0
-0.10849108469469268,0.019044869171746828,0
-0.10860062785789995,0.018706780291377248,0
-0.10870904104923405,0.018368638875972287,0
-0.10881632643601878,0.018030449272542628,0
-0.10892248619907499,0.017692215808435274,0
-0.10902752253259297,0.017353942791332996,0
-0.10913143764400525,0.017015634509254172,0
-0.1092342337538598,0.016677295230553536,0
-0.10933591309569382,0.016338929203923158,0
-0.10943647791590788,0.016000540658394402,0
-0.10953593047364045,0.015662133803340094,0
-0.10963427304064306,0.015323712828477576,0
-0.1097315079011557,0.014985281903872353,0
-0.10982763735178284,0.014646845179942043,0
-0.10992266370136985,0.014308406787461106,0
-0.1100165892708798,0.013969970837566232,0
-0.11010941639327082,0.013631541421762206,0
-0.11020114741337388,0.013293122611928127,0
-0.11029178468777101,0.012954718460324517,0
-0.11038133058467402,0.01261633299960097,0
-0.1104697874838036,0.012277970242803934,0
-0.110557157776269,0.011939634183385653,0
-0.11064344386444805,0.011601328795213086,0
-0.11072864816186773,0.011263058032577773,0
-0.11081277309308511,0.010924825830206075,0
-0.11089582109356894,0.010586636103269754,0
-0.11097779460958143,0.010248492747397552,0
-0.11105869609806077,0.009910399638686876,0
-0.11113852802650387,0.009572360633716059,0
-0.11121729287284977,0.009234379569557267,0
-0.11129499312536348,0.00889646026378998,0
-0.11137163128252008,0.008558606514514648,0
-0.1114472098528896,0.008220822100367035,0
-0.11152173135502215,0.007883110780533413,0
-0.11159519831733364,0.007545476294765478,0
-0.11166761327799185,0.007207922363396381,0
-0.11173897878480311,0.006870452687357055,0
-0.11180929739509933,0.006533070948193001,0
-0.11187857167562562,0.006195780808081415,0
-0.11194680420242822,0.005858585909849122,0
-0.11201399756074315,0.005521489876990674,0
-0.11208015434488502,0.005184496313686966,0
-0.11214527715813659,0.0048476088048244005,0
-0.11220936861263862,0.004510830916014505,0
-0.11227243132928034,0.004174166193613848,0
-0.11233446793759029,0.003837618164744655,0
-0.11239548107562762,0.0035011903373155006,0
-0.11245547338987398,0.0031648862000428508,0
-0.11251444753512578,0.0028287092224727754,0
-0.11257240617438699,0.002492662855003097,0
-0.11262935197876234,0.002156750528906107,0
-0.1126852876273511,0.0018209756563515038,0
-0.11274021580714123,0.0014853416304300494,0
-0.11279413921290417,0.0011498518251772337,0
-0.11284706054708978,0.0008145095955976987,0
-0.11289898251972219,0.00047931827768996717,0
-0.11294990784829581,0.00014428118847137033,0
-0.11299983925767192,-0.0001905983739962771,0
-0.11304877947997571,-0.0005253171305808599,0
-0.1130967312544939,-0.0008598718210536565,0
-0.11314369732757265,-0.0011942592040626982,0
-0.11318968045251614,-0.0015284760571057986,0
-0.11323468338948546,-0.001862519176502902,0
-0.11327870890539818,-0.0021963853773685647,0
-0.11332175977382813,-0.002530071493583509,0
-0.11336383877490587,-0.002863574377766318,0
-0.11340494869521961,-0.0031968909012442615,0
-0.11344509232771646,-0.0035300179540243702,0
-0.11348427247160438,-0.0038629524447636003,0
-0.11352249193225435,-0.004195691300738796,0
-0.11355975352110324,-0.00452823146781651,0
-0.11359606005555713,-0.004860569910422321,0
-0.11363141435889486,-0.005192703611509873,0
-0.1136658192601724,-0.005524629572529213,0
-0.11369927759412746,-0.0058563448133955595,0
-0.11373179220108469,-0.006187846372456981,0
-0.11376336592686129,-0.006519131306462207,0
-0.11379400162267306,-0.006850196690527755,0
-0.11382370214504112,-0.0071810396181052494,0
-0.11385247035569883,-0.007511657200947924,0
-0.1138803091214994,-0.007842046569076947,0
-0.11390722131432388,-0.008172204870747716,0
-0.11393320981098955,-0.008502129272415466,0
-0.11395827749315902,-0.008831816958700646,0
-0.11398242724724954,-0.009161265132354445,0
-0.11400566196434288,-0.009490471014223165,0
-0.11402798454009574,-0.009819431843213208,0
-0.11404939787465061,-0.010148144876255125,0
-0.11406990487254696,-0.01047660738826783,0
-0.11408950844263312,-0.010804816672121973,0
-0.11410821149797847,-0.011132770038603709,0
-0.11412601695578614,-0.011460464816377802,0
-0.1141429277373062,-0.01178789835195031,0
-0.1141589467677493,-0.012115068009631396,0
-0.11417407697620084,-0.012441971171497616,0
-0.11418832129553541,-0.01276860523735402,0
-0.11420168266233197,-0.013094967624695968,0
-0.11421416401678927,-0.013421055768670706,0
-0.11422576830264185,-0.013746867122038726,0
-0.11423649846707651,-0.014072399155134644,0
-0.11424635746064914,-0.01439764935582837,0
-0.11425534823720214,-0.01472261522948534,0
-0.11426347375378224,-0.015047294298926994,0
-0.11427073697055873,-0.015371684104390946,0
-0.11427714085074225,-0.015695782203490688,0
-0.11428268836050404,-0.016019586171175354,0
-0.1142873824688955,-0.016343093599688982,0
-0.11429122614776839,-0.016666302098529807,0
-0.11429422237169537,-0.01698920929440929,0
-0.1142963741178911,-0.017311812831210475,0
-0.11429768436613368,-0.01763411036994701,0
-0.11429815609868657,-0.01795609958872108,0
-0.11429779230022108,-0.018277778182681646,0
-0.11429659595773918,-0.018599143863982225,0
-0.11429457006049681,-0.018920194361738744,0
-0.11429171759992769,-0.01924092742198683,0
-0.11428804156956743,-0.01956134080763917,0
-0.11428354496497833,-0.019881432298442647,0
-0.11427823078367438,-0.02020119969093507,0
-0.11427210202504695,-0.020520640798401962,0
-0.11426516169029065,-0.020839753450833182,0
-0.11425741278232991,-0.021158535494878897,0
-0.11424885830574584,-0.021476984793806216,0
-0.11423950126670362,-0.02179509922745465,0
-0.11422934467288025,-0.022112876692192182,0
-0.1142183915333928,-0.02243031510087088,0
-0.11420664485872709,-0.022747412382782252,0
-0.11419410766066689,-0.02306416648361242,0
-0.11418078295222335,-0.023380575365397418,0
-0.11416667374756514,-0.02369663700647803,0
-0.11415178306194883,-0.024012349401454577,0
-0.11413611391164977,-0.024327710561141403,0
-0.11411966931389339,-0.024642718512521707,0
-0.11410245228678705,-0.02495737129870142,0
-0.11408446584925212,-0.02527166697886363,0
-0.11406571302095668,-0.025585603628222466,0
-0.11404619682224856,-0.025899179337977078,0
-0.11402592027408881,-0.026212392215265248,0
-0.11400488639798564,-0.026525240383117026,0
-0.11398309821592878,-0.026837721980408225,0
-0.11396055875032421,-0.027149835161813678,0
-0.11393727102392949,-0.027461578097760266,0
-0.11391323805978923,-0.027772948974380342,0
-0.11388846288117127,-0.028083945993464306,0
-0.11386294851150314,-0.028394567372413505,0
-0.11383669797430895,-0.028704811344192924,0
-0.11380971429314676,-0.029014676157283724,0
-0.11378200049154624,-0.029324160075635805,0
-0.11375355959294696,-0.02963326137861985,0
-0.11372439462063698,-0.029941978360979674,0
-0.11369450859769172,-0.030250309332784404,0
-0.11366390454691352,-0.030558252619380343,0
-0.11363258549077151,-0.03086580656134288,0
-0.11360055445134175,-0.031172969514428227,0
-0.11356781445024797,-0.03147973984952515,0
-0.11353436850860261,-0.03178611595260661,0
-0.11350021964694845,-0.03209209622468098,0
-0.11346537088520038,-0.03239767908174362,0
-0.1134298252425877,-0.032702862954728275,0
-0.11339358573759699,-0.03300764628945791,0
-0.1133566553879151,-0.03331202754659613,0
-0.11331903721037276,-0.03361600520159818,0
-0.11328073422088848,-0.03391957774466165,0
-0.11324174943441294,-0.03422274368067753,0
-0.11320208586487372,-0.03452550152918094,0
-0.11316174652512037,-0.034827849824301836,0
-0.11312073442687011,-0.035129787114715566,0
-0.11307905258065364,-0.03543131196359345,0
-0.11303670399576157,-0.035732422948553215,0
-0.11299369168019104,-0.03603311866160962,0
-0.11295001864059298,-0.036333397709124395,0
-0.11290568788221962,-0.03663325871175689,0
-0.1128607024088723,-0.0369327003044141,0
-0.11281506522284995,-0.03723172113620073,0
-0.11276877932489758,-0.03753031987036955,0
-0.11272184771415555,-0.037828495184271116,0
-0.11267427338810901,-0.03812624576930397,0
-0.11262605934253764,-0.038423570330864486,0
-0.11257720857146603,-0.03872046758829666,0
-0.11252772406711425,-0.03901693627484214,0
-0.11247760881984892,-0.03931297513758958,0
-0.11242686581813448,-0.03960858293742501,0
-0.11237549804848512,-0.03990375844898082,0
-0.11232350849541677,-0.04019850046058595,0
-0.11227090014139975,-0.0404928077742151,0
-0.11221767596681168,-0.04078667920543845,0
-0.11216383894989061,-0.04108011358337129,0
-0.11210939206668888,-0.04137310975062331,0
-0.11205433829102694,-0.04166566656324817,0
-0.1119986805944479,-0.04195778289069288,0
-0.11194242194617227,-0.042249457615747096,0
-0.11188556531305295,-0.042540689634492763,0
-0.11182811365953098,-0.042831477856253096,0
-0.1117700699475911,-0.04312182120354228,0
-0.11171143713671831,-0.04341171861201427,0
-0.11165221818385421,-0.04370116903041251,0
-0.11159241604335407,-0.04399017142051898,0
-0.11153203366694403,-0.04427872475710352,0
-0.11147107400367896,-0.044566828027872867,0
-0.11140953999990037,-0.044854480233419966,0
-0.11134743459919479,-0.04514168038717328,0
-0.11128476074235254,-0.04542842751534567,0
-0.11122152136732684,-0.04571472065688384,0
-0.11115771940919321,-0.04600055886341744,0
-0.11109335780010936,-0.04628594119920801,0
-0.11102843946927522,-0.046570866741098386,0
-0.11096296734289358,-0.046855334578461694,0
-0.11089694434413076,-0.0471393438131506,0
-0.11083037339307797,-0.04742289355944626,0
-0.1107632574067127,-0.04770598294400772,0
-0.11069559929886075,-0.047988611105820804,0
-0.11062740198015834,-0.04827077719614743,0
-0.11055866835801467,-0.048552480378474705,0
-0.11048940133657487,-0.04883371982846416,0
-0.11041960381668321,-0.049114494733900706,0
-0.1103492786958467,-0.04939480429464214,0
-0.11027842886819894,-0.04967464772256795,0
-0.11020705722446444,-0.04995402424152892,0
-0.11013516665192313,-0.050232933087296004,0
-0.1100627600343753,-0.050511373507509706,0
-0.10998984025210683,-0.05078934476162945,0
-0.10991641018185472,-0.05106684612088256,0
-0.10984247269677304,-0.051343876868213796,0
-0.10976803066639913,-0.051620436298234554,0
-0.10969308695662007,-0.05189652371717221,0
-0.10961764442963964,-0.052172138442819475,0
-0.10954170594394547,-0.052447279804483736,0
-0.1094652743542765,-0.0527219471429366,0
-0.10938835251159089,-0.052996139810363094,0
-0.10931094326303406,-0.05326985717031133,0
-0.10923304945190725,-0.05354309859764194,0
-0.10915467391763622,-0.053815863478477464,0
-0.10907581949574034,-0.05408815121015218,0
-0.10899648901780207,-0.054359961201161364,0
-0.10891668531143653,-0.05463129287111115,0
-0.1088364112002616,-0.05490214565066816,0
-0.10875566950386835,-0.055172518981509,0
-0.10867446303779138,-0.05544241231627036,0
-0.10859279461348005,-0.0557118251184984,0
-0.10851066703826961,-0.05598075686259873,0
-0.10842808311535271,-0.05624920703378645,0
-0.10834504564375132,-0.05651717512803562,0
-0.10826155741828879,-0.05678466065202963,0
-0.10817762122956233,-0.057051663123111045,0
-0.10809323986391582,-0.05731818206923137,0
-0.10800841610341275,-0.05758421702890166,0
-0.10792315272580959,-0.057849767551142135,0
-0.10783745250452939,-0.05811483319543267,0
-0.10775131820863577,-0.058379413531662934,0
-0.10766475260280707,-0.058643508140082644,0
-0.10757775844731078,-0.05890711661125203,0
-0.1074903384979785,-0.059170238545991946,0
-0.10740249550618083,-0.059432873555334644,0
-0.10731423221880283,-0.05969502126047402,0
-0.10722555137821964,-0.05995668129271637,0
-0.10713645572227239,-0.06021785329343078,0
-0.10704694798424434,-0.060478536914000056,0
-0.10695703089283755,-0.060738731815771184,0
-0.10686670717214942,-0.06099843767000633,0
-0.10677597954164984,-0.06125765415783363,0
-0.10668485071615853,-0.06151638097019803,0
-0.10659332340582255,-0.061774617807812446,0
-0.10650140031609417,-0.06203236438110857,0
-0.10640908414770912,-0.06228962041018816,0
-0.1063163775966648,-0.06254638562477419,0
-0.10622328335419913,-0.06280265976416198,0
-0.10612980410676934,-0.06305844257717068,0
-0.10603594253603134,-0.06331373382209443,0
-0.10594170131881898,-0.06356853326665411,0
-0.10584708312712403,-0.06382284068794852,0
-0.10575209062807599,-0.06407665587240619,0
-0.10565672648392237,-0.06432997861573699,0
-0.10556099335200933,-0.06458280872288381,0
-0.10546489388476231,-0.06483514600797456,0
-0.10536843072966715,-0.06508699029427378,0
-0.10527160652925138,-0.0653383414141347,0
-0.10517442392106567,-0.06558919920895145,0
-0.10507688553766578,-0.06583956352911093,0
-0.10497899400659451,-0.06608943423394502,0
-0.10488075195036393,-0.06633881119168308,0
-0.10478216198643817,-0.06658769427940403,0
-0.10468322672721588,-0.06683608338298902,0
-0.10458394878001359,-0.06708397839707357,0
-0.10448433074704885,-0.0673313792250006,0
-0.10438437522542368,-0.06757828577877284,0
-0.1042840848071086,-0.06782469797900555,0
-0.10418346207892634,-0.06807061575487951,0
-0.10408250962253632,-0.06831603904409393,0
-0.10398123001441908,-0.06856096779281928,0
-0.10387962582586101,-0.06880540195565056,0
-0.10377769962293926,-0.06904934149556041,0
-0.10367545396650707,-0.06929278638385239,0
-0.10357289141217914,-0.06953573660011428,0
-0.1034700145103173,-0.06977819213217158,0
-0.10336682580601635,-0.07002015297604107,0
-0.10326332783909035,-0.07026161913588433,0
-0.10315952314405892,-0.0705025906239614,0
-0.10305541425013372,-0.0707430674605848,0
-0.10295100368120537,-0.07098304967407326,0
-0.10284629395583046,-0.07122253730070574,0
-0.10274128758721894,-0.07146153038467538,0
-0.10263598708322128,-0.07170002897804396,0
-0.1025303949463166,-0.07193803314069577,0
-0.10242451367360031,-0.07217554294029224,0
-0.10231834575677222,-0.07241255845222647,0
-0.10221189368212523,-0.07264907975957734,0
-0.10210515993053353,-0.07288510695306463,0
-0.10199814697744163,-0.07312064013100346,0
-0.1018908572928533,-0.0733556793992592,0
-0.1017832933413208,-0.07359022487120238,0
-0.10167545758193422,-0.07382427666766392,0
-0.10156735246831136,-0.07405783491688976,0
-0.10145898044858731,-0.07429089975449663,0
-0.10135034396540465,-0.07452347132342704,0
-0.10124144545590373,-0.0747555497739048,0
-0.10113228735171306,-0.07498713526339051,0
-0.10102287207894005,-0.07521822795653724,0
-0.10091320205816182,-0.07544882802514621,0
-0.10080327970441645,-0.07567893564812248,0
-0.10069310742719391,-0.07590855101143128,0
-0.10058268763042802,-0.07613767430805342,0
-0.10047202271248763,-0.07636630573794208,0
-0.10036111506616892,-0.07659444550797843,0
-0.10024996707868708,-0.07682209383192852,0
-0.10013858113166889,-0.07704925093039931,0
-0.10002695960114505,-0.07727591703079535,0
-0.0999151048575428,-0.07750209236727545,0
-0.09980301926567878,-0.07772777718070946,0
-0.09969070518475205,-0.07795297171863504,0
-0.09957816496833735,-0.07817767623521471,0
-0.09946540096437843,-0.07840189099119284,0
-0.0993524155151818,-0.07862561625385281,0
-0.09923921095741019,-0.07884885229697448,0
-0.0991257896220768,-0.07907159940079135,0
-0.09901215383453939,-0.07929385785194816,0
-0.09889830591449449,-0.07951562794345851,0
-0.09878424817597194,-0.07973690997466254,0
-0.09866998292732966,-0.07995770425118472,0
-0.09855551247124843,-0.08017801108489188,0
-0.09844083910472687,-0.08039783079385117,0
-0.09832596511907679,-0.08061716370228823,0
-0.09821089279991846,-0.08083601014054546,0
-0.09809562442717633,-0.08105437044504021,0
-0.09798016227507447,-0.08127224495822367,0
-0.09786450861213275,-0.08148963402853907,0
-0.0977486657011628,-0.08170653801038051,0
-0.09763263579926426,-0.0819229572640518,0
-0.09751642115782116,-0.08213889215572537,0
-0.09740002402249863,-0.08235434305740118,0
-0.09728344663323929,-0.08256931034686625,0
-0.09716669122426072,-0.08278379440765325,0
-0.09704976002405205,-0.08299779562900052,0
-0.09693265525537127,-0.08321131440581125,0
-0.09681537913524291,-0.08342435113861299,0
-0.09669793387495518,-0.08363690623351762,0
-0.09658032168005805,-0.08384898010218092,0
-0.09646254475036087,-0.08406057316176263,0
-0.09634460527993048,-0.08427168583488649,0
-0.09622650545708947,-0.08448231854960035,0
-0.09610824746441432,-0.0846924717393365,0
-0.09598983347873413,-0.08490214584287198,0
-0.09587126567112912,-0.0851113413042891,0
-0.09575254620692944,-0.08532005857293612,0
-0.09563367724571403,-0.08552829810338802,0
-0.09551466094130989,-0.08573606035540715,0
-0.09539549944179121,-0.08594334579390435,0
-0.09527619488947887,-0.08615015488889989,0
-0.09515674942093977,-0.08635648811548488,0
-0.09503716516698667,-0.08656234595378232,0
-0.09491744425267794,-0.08676772888890877,0
-0.09479758879731766,-0.08697263741093558,0
-0.0946776009144555,-0.08717707201485085,0
-0.09455748271188717,-0.087381033200521,0
-0.0944372362916547,-0.08758452147265272,0
-0.0943168637500471,-0.08778753734075494,0
-0.09419636717760078,-0.08799008131910098,0
-0.09407574865910064,-0.08819215392669072,0
-0.09395501027358075,-0.08839375568721311,0
-0.09383415409432569,-0.08859488712900833,0
-0.09371318218887148,-0.08879554878503068,0
-0.09359209661900715,-0.08899574119281108,0
-0.09347089944077604,-0.08919546489442003,0
-0.09334959270447755,-0.08939472043643029,0
-0.09322817845466874,-0.08959350836988032,0
-0.0931066587301663,-0.08979182925023703,0
-0.09298503556404851,-0.08998968363735926,0
-0.09286331098365726,-0.09018707209546128,0
-0.09274148701060049,-0.09038399519307601,0
-0.09261956566075431,-0.090580453503019,0
-0.09249754894426572,-0.09077644760235186,0
-0.09237543886555509,-0.0909719780723463,0
-0.09225323742331888,-0.09116704549844817,0
-0.09213094661053263,-0.09136165047024132,0
-0.09200856841445383,-0.09155579358141203,0
-0.09188610481662499,-0.09174947542971328,0
-0.09176355779287698,-0.09194269661692919,0
-0.0916409293133323,-0.09213545774883947,0
-0.09151822134240838,-0.0923277594351845,0
-0.09139543583882148,-0.0925196022896295,0
-0.09127257475558992,-0.09271098692973016,0
-0.09114964004003834,-0.0929019139768971,0
-0.09102663363380134,-0.09309238405636118,0
-0.09090355747282741,-0.09328239779713914,0
-0.09078041348738328,-0.0934719558319984,0
-0.09065720360205805,-0.09366105879742302,0
-0.09053392973576757,-0.09384970733357903,0
-0.09041059380175887,-0.09403790208428035,0
-0.09028719770761456,-0.09422564369695467,0
-0.09016374335525791,-0.0944129328226092,0
-0.09004023264095722,-0.09459977011579697,0
-0.0899166674553308,-0.09478615623458303,0
-0.08979304968335212,-0.09497209184051063,0
-0.08966938120435462,-0.09515757759856784,0
-0.08954566389203718,-0.09534261417715394,0
-0.08942189961446911,-0.09552720224804626,0
-0.08929809023409585,-0.09571134248636677,0
-0.08917423760774415,-0.09589503557054926,0
-0.08905034358662786,-0.09607828218230613,0
-0.08892641001635354,-0.09626108300659561,0
-0.08880243873692618,-0.09644343873158912,0
-0.08867843158275525,-0.09662535004863844,0
-0.0885543903826604,-0.09680681765224335,0
-0.08843031695987773,-0.0969878422400193,0
-0.08830621313206591,-0.09716842451266491,0
-0.08818208071131228,-0.09734856517393008,0
-0.08805792150413948,-0.09752826493058366,0
-0.0879337373115115,-0.09770752449238183,0
-0.08780952992884054,-0.09788634457203599,0
-0.0876853011459934,-0.09806472588518128,0
-0.08756105274729824,-0.09824266915034502,0
-0.0874367865115514,-0.09842017508891496,0
-0.08731250421202418,-0.09859724442510834,0
-0.08718820761646988,-0.09877387788594025,0
-0.08706389848713084,-0.09895007620119282,0
-0.08693957858074543,-0.09912584010338414,0
-0.08681524964855544,-0.09930117032773723,0
-0.08669091343631322,-0.09947606761214947,0
-0.08656657168428915,-0.0996505326971618,0
-0.08644222612727905,-0.09982456632592819,0
-0.08631787849461162,-0.09999816924418538,0
-0.08619353051015625,-0.10017134220022232,0
-0.08606918389233051,-0.10034408594485016,0
-0.08594484035410802,-0.100516401231372,0
-0.08582050160302628,-0.1006882888155531,0
-0.08569616934119476,-0.10085974945559077,0
-0.0855718452653023,-0.10103078391208509,0
-0.08544753106662584,-0.10120139294800877,0
-0.08532322843103848,-0.10137157732867774,0
-0.0851989390390172,-0.10154133782172213,0
-0.0850746645656516,-0.10171067519705652,0
-0.08495040668065235,-0.10187959022685084,0
-0.08482616704835896,-0.10204808368550171,0
-0.08470194732774909,-0.10221615634960296,0
-0.08457774917244665,-0.10238380899791703,0
-0.08445357423073044,-0.10255104241134635,0
-0.08432942414554316,-0.10271785737290441,0
-0.08420530055449972,-0.1028842546676877,0
-0.08408120508989649,-0.10305023508284693,0
-0.08395713937872,-0.10321579940755887,0
-0.08383310504265605,-0.10338094843299823,0
-0.08370910369809856,-0.10354568295230965,0
-0.0835851369561587,-0.10371000376057961,0
-0.08346120642267423,-0.10387391165480869,0
-0.08333731369821855,-0.10403740743388386,0
-0.08321346037811002,-0.1042004918985508,0
-0.0830896480524213,-0.10436316585138647,0
-0.08296587830598885,-0.10452543009677158,0
-0.08284215271842219,-0.10468728544086359,0
-0.08271847286411367,-0.10484873269156915,0
-0.08259484031224766,-0.10500977265851753,0
-0.0824712566268109,-0.10517040615303302,0
-0.08234772336660125,-0.1053306339881088,0
-0.08222424208523832,-0.10549045697837954,0
-0.08210081433117265,-0.10564987594009534,0
-0.08197744164769596,-0.10580889169109478,0
-0.08185412557295066,-0.10596750505077886,0
-0.08173086763994014,-0.10612571684008452,0
-0.08160766937653899,-0.10628352788145826,0
-0.08148453230550252,-0.10644093899883038,0
-0.08136145794447706,-0.10659795101758898,0
-0.08123844780601046,-0.10675456476455385,0
-0.08111550339756195,-0.10691078106795088,0
-0.08099262622151238,-0.10706660075738647,0
-0.08086981777517498,-0.10722202466382175,0
-0.08074707955080523,-0.10737705361954729,0
-0.08062441303561167,-0.10753168845815773,0
-0.08050181971176579,-0.10768593001452677,0
-0.08037930105641324,-0.10783977912478161,0
-0.08025685854168409,-0.10799323662627815,0
-0.08013449363470315,-0.10814630335757627,0
-0.08001220779760104,-0.1082989801584147,0
-0.07989000248752455,-0.10845126786968656,0
-0.07976787915664765,-0.10860316733341456,0
-0.07964583925218202,-0.10875467939272668,0
-0.07952388421638794,-0.10890580489183169,0
-0.07940201548658522,-0.10905654467599486,0
-0.07928023449516414,-0.10920689959151375,0
-0.07915854266959614,-0.10935687048569424,0
-0.07903694143244484,-0.1095064582068266,0
-0.07891543220137726,-0.10965566360416139,0
-0.07879401638917478,-0.10980448752788581,0
-0.07867269540374418,-0.10995293082910006,0
-0.07855147064812876,-0.11010099435979376,0
-0.07843034352051943,-0.11024867897282255,0
-0.07830931541426622,-0.11039598552188451,0
-0.07818838771788911,-0.11054291486149717,0
-0.07806756181508953,-0.11068946784697421,0
-0.07794683908476148,-0.11083564533440252,0
-0.07782622090100338,-0.11098144818061884,0
-0.0777057086331286,-0.11112687724318757,0
-0.0775853036456776,-0.11127193338037747,0
-0.07746500729842881,-0.11141661745113932,0
-0.07734482094641065,-0.1115609303150831,0
-0.07722474593991248,-0.1117048728324558,0
-0.07710478362449646,-0.11184844586411886,0
-0.0769849353410092,-0.11199165027152594,0
-0.0768652024255927,-0.11213448691670107,0
-0.07674558620969676,-0.11227695666221606,0
-0.07662608802009033,-0.11241906037116887,0
-0.0765067091788729,-0.11256079890716175,0
-0.07638745100348643,-0.11270217313427944,0
-0.07626831480672729,-0.1128431839170673,0
-0.07614930189675735,-0.11298383212051025,0
-0.07603041357711661,-0.11312411861001054,0
-0.07591165114673441,-0.11326404425136702,0
-0.07579301589994125,-0.11340360991075364,0
-0.07567450912648084,-0.11354281645469824,0
-0.07555613211152218,-0.1136816647500613,0
-0.0754378861356709,-0.1138201556640153,0
-0.0753197724749814,-0.11395829006402367,0
-0.0752017924009691,-0.11409606881781978,0
-0.075083947180622,-0.11423349279338649,0
-0.07496623807641277,-0.11437056285893549,0
-0.0748486663463108,-0.11450727988288673,0
-0.07473123324379438,-0.11464364473384782,0
-0.07461394001786215,-0.11477965828059421,0
-0.074496787913046,-0.1149153213920483,0
-0.0743797781694223,-0.11505063493725984,0
-0.07426291202262486,-0.11518559978538542,0
-0.07414619070385597,-0.11532021680566909,0
-0.07402961543989985,-0.11545448686742167,0
-0.0739131874531334,-0.11558841084000188,0
-0.0737969079615395,-0.1157219895927959,0
-0.07368077817871856,-0.11585522399519826,0
-0.07356479931390088,-0.11598811491659214,0
-0.07344897257195891,-0.11612066322632987,0
-0.07333329915341931,-0.11625286979371391,0
-0.07321778025447533,-0.11638473548797733,0
-0.07310241706699905,-0.11651626117826479,0
-0.07298721077855362,-0.11664744773361341,0
-0.07287216257240545,-0.11677829602293396,0
-0.07275727362753667,-0.11690880691499181,0
-0.07264254511865711,-0.11703898127838837,0
-0.07252797821621719,-0.11716881998154202,0
-0.07241357408641942,-0.11729832389266999,0
-0.07229933389123154,-0.11742749387976945,0
-0.07218525878839825,-0.11755633081059924,0
-0.07207134993145407,-0.11768483555266143,0
-0.07195760846973508,-0.11781300897318335,0
-0.07184403554839176,-0.11794085193909905,0
-0.07173063230840158,-0.11806836531703128,0
-0.07161739988658057,-0.11819554997327382,0
-0.07150433941559632,-0.11832240677377323,0
-0.0713914520239805,-0.11844893658411099,0
-0.07127873883614065,-0.11857514026948614,0
-0.07116620097237308,-0.11870101869469722,0
-0.07105383954887518,-0.11882657272412493,0
-0.07094165567775775,-0.1189518032217146,0
-0.07082965046705754,-0.11907671105095868,0
-0.07071782502074936,-0.11920129707487968,0
-0.07060618043875935,-0.11932556215601249,0
-0.07049471781697614,-0.11944950715638783,0
-0.0703834382472645,-0.11957313293751463,0
-0.07027234281747707,-0.11969644036036332,0
-0.070161432611467,-0.11981943028534901,0
-0.0700507087091003,-0.11994210357231447,0
-0.06994017218626883,-0.12006446108051333,0
-0.06982982411490171,-0.12018650366859386,0
-0.06971966556297889,-0.1203082321945818,0
-0.06960969759454279,-0.12042964751586435,0
-0.06949992126971118,-0.12055075048917353,0
-0.06939033764468944,-0.12067154197056992,0
-0.06928094777178331,-0.12079202281542625,0
-0.06917175269941074,-0.12091219387841155,0
-0.06906275347211505,-0.12103205601347472,0
-0.06895395113057674,-0.12115161007382878,0
-0.06884534671162666,-0.12127085691193466,0
-0.06873694124825752,-0.12138979737948576,0
-0.06862873576963743,-0.12150843232739157,0
-0.06852073130112117,-0.12162676260576273,0
-0.06841292886426371,-0.12174478906389465,0
-0.06830532947683185,-0.1218625125502525,0
-0.06819793415281714,-0.12197993391245554,0
-0.06809074390244796,-0.12209705399726173,0
-0.06798375973220228,-0.12221387365055242,0
-0.06787698264481971,-0.12233039371731722,0
-0.06777041363931424,-0.12244661504163865,0
-0.06766405371098638,-0.12256253846667725,0
-0.06755790385143574,-0.12267816483465652,0
-0.06745196504857345,-0.1227934949868478,0
-0.06734623828663418,-0.12290852976355578,0
-0.06724072454618912,-0.12302327000410332,0
-0.06713542480415782,-0.12313771654681702,0
-0.06703034003382086,-0.12325187022901249,0
-0.06692547120483205,-0.12336573188697976,0
-0.06682081928323086,-0.12347930235596888,0
-0.0667163852314548,-0.12359258247017535,0
-0.0666121700083514,-0.1237055730627261,0
-0.06650817456919113,-0.12381827496566479,0
-0.06640439986567938,-0.12393068900993785,0
-0.06630084684596853,-0.12404281602538049,0
-0.06619751645467073,-0.12415465684070238,0
-0.06609440963286994,-0.12426621228347372,0
-0.06599152731813393,-0.1243774831801116,0
-0.06588887044452724,-0.12448847035586576,0
-0.0657864399426225,-0.1245991746348052,0
-0.06568423673951368,-0.12470959683980411,0
-0.06558226175882753,-0.12481973779252856,0
-0.06548051592073602,-0.12492959831342286,0
-0.06537900014196865,-0.12503917922169602,0
-0.06527771533582465,-0.12514848133530823,0
-0.06517666241218509,-0.12525750547095774,0
-0.06507584227752498,-0.1253662524440674,0
-0.06497525583492528,-0.12547472306877172,0
-0.06487490398408562,-0.1255829181579032,0
-0.06477478762133572,-0.12569083852297983,0
-0.06467490763964803,-0.1257984849741917,0
-0.06457526492864937,-0.12590585832038825,0
-0.06447586037463336,-0.12601295936906537,0
-0.06437669486057236,-0.12611978892635242,0
-0.06427776926612941,-0.12622634779699982,0
-0.06417908446767052,-0.126332636784366,0
-0.0640806413382763,-0.1264386566904051,0
-0.06398244074775443,-0.12654440831565422,0
-0.06388448356265129,-0.12664989245922106,0
-0.06378677064626401,-0.12675510991877145,0
-0.06368930285865236,-0.1268600614905171,0
-0.06359208105665087,-0.1269647479692031,0
-0.06349510609388063,-0.12706917014809593,0
-0.06339837882076109,-0.12717332881897125,0
-0.06330190008452229,-0.1272772247721016,0
-0.0632056707292159,-0.12738085879624478,0
-0.06310969159572836,-0.12748423167863138,0
-0.0630139635217913,-0.12758734420495343,0
-0.06291848734199444,-0.127690197159352,0
-0.06282326388779688,-0.12779279132440582,0
-0.06272829398753857,-0.12789512748111959,0
-0.0626335784664529,-0.12799720640891185,0
-0.06253911814667767,-0.12809902888560393,0
-0.062444913847266866,-0.12820059568740821,0
-0.062350966384203066,-0.12830190758891652,0
-0.06225727657040814,-0.12840296536308887,0
-0.06216384521575538,-0.1285037697812422,0
-0.06207067312708119,-0.12860432161303884,0
-0.06197776110819654,-0.12870462162647542,0
-0.06188510995989849,-0.12880467058787176,0
-0.06179272047998169,-0.1289044692618597,0
-0.061700593463250464,-0.12900401841137188,0
-0.0616087297015296,-0.12910331879763098,0
-0.061517129983676075,-0.12920237118013886,0
-0.06142579509559077,-0.1293011763166653,0
-0.06133472582022975,-0.1293997349632375,0
-0.061243922937615464,-0.1294980478741293,0
-0.06115338722484872,-0.12959611580185024,0
-0.06106311945611922,-0.12969393949713526,0
-0.06097312040271771,-0.1297915197089338,0
-0.060883390833046995,-0.12988885718439944,0
-0.060793931512633036,-0.12998595266887936,0
-0.0607047432041364,-0.130082806905904,0
-0.06061582666736395,-0.13017942063717652,0
-0.0605271826592791,-0.13027579460256275,0
-0.06043881193401397,-0.1303719295400806,0
-0.06035071524287998,-0.1304678261858902,0
-0.0602628933343793,-0.1305634852742836,0
-0.060175346954215767,-0.1306589075376746,0
-0.060088076845306294,-0.1307540937065888,0
-0.06000108374779163,-0.1308490445096537,0
-0.059914368399047443,-0.13094376067358865,0
-0.05982793153369564,-0.131038242923195,0
-0.05974177388361516,-0.13113249198134622,0
-0.05965589617795252,-0.13122650856897847,0
-0.05957029914313387,-0.1313202934050803,0
-0.05948498350287466,-0.1314138472066835,0
-0.05939994997819161,-0.13150717068885318,0
-0.059315199287412454,-0.13160026456467847,0
-0.05923073214618801,-0.13169312954526272,0
-0.059146549267501916,-0.13178576633971434,0
-0.059062651361682,-0.13187817565513718,0
-0.0589790391364111,-0.1319703581966212,0
-0.05889571329673733,-0.13206231466723325,0
-0.058812674545085215,-0.1321540457680078,0
-0.058729923581266066,-0.13224555219793768,0
-0.05864746110248867,-0.13233683465396506,0
-0.058565287803370045,-0.13242789383097217,0
-0.05848340437594606,-0.13251873042177237,0
-0.05840181150968156,-0.1326093451171011,0
-0.05832050989148158,-0.1326997386056069,0
-0.058239500205701046,-0.13278991157384262,0
-0.058158783134155956,-0.13287986470625643,0
-0.058078359356133376,-0.13296959868518302,0
-0.057998229548401926,-0.133059114190835,0
-0.057918394385222234,-0.13314841190129398,0
-0.05783885453835738,-0.133237492492502,0
-0.05775961067708283,-0.1333263566382529,0
-0.05768066346819717,-0.1334150050101838,0
-0.05760201357603183,-0.13350343827776656,0
-0.05752366166246204,-0.13359165710829915,0
-0.05744560838691646,-0.13367966216689736,0
-0.05736785440638712,-0.13376745411648658,0
-0.05729040037544045,-0.13385503361779305,0
-0.05721324694622648,-0.13394240132933588,0
-0.05713639476848921,-0.1340295579074188,0
-0.057059844489577086,-0.13411650400612166,0
-0.056983596754452095,-0.13420324027729272,0
-0.056907652205700536,-0.13428976737054016,0
-0.05683201148354253,-0.13437608593322417,0
-0.05675667522584203,-0.13446219661044903,0
-0.05668164406811693,-0.13454810004505474,0
-0.05660691864354857,-0.13463379687760957,0
-0.05653249958299131,-0.13471928774640193,0
-0.056458387514983,-0.13480457328743253,0
-0.056384583065754515,-0.13488965413440637,0
-0.05631108685923879,-0.13497453091872558,0
-0.056237899517081434,-0.135059204269481,0
-0.056165021658649845,-0.1351436748134449,0
-0.05609245390104269,-0.13522794317506326,0
-0.05602019685910011,-0.13531200997644816,0
-0.055948251145412436,-0.1353958758373703,0
-0.05587661737033023,-0.13547954137525137,0
-0.05580529614197385,-0.13556300720515657,0
-0.05573428806624234,-0.1356462739397874,0
-0.05566359374682347,-0.135729342189474,0
-0.0555932137852026,-0.13581221256216794,0
-0.05552314878067197,-0.13589488566343508,0
-0.05545339933034081,-0.1359773620964478,0
-0.05538396602914345,-0.13605964246197844,0
-0.05531484946984954,-0.1361417273583915,0
-0.05524605024307242,-0.136223617381637,0
-0.055177568937279084,-0.13630531312524294,0
-0.05510940613879858,-0.13638681518030862,0
-0.05504156243183153,-0.1364681241354973,0
-0.054974038398459116,-0.1365492405770294,0
-0.05490683461865194,-0.13663016508867545,0
-0.054839951670279094,-0.1367108982517493,0
-0.054773390129117326,-0.1367914406451011,0
-0.054707150568859386,-0.13687179284511053,0
-0.054641233561123485,-0.13695195542568003,0
-0.054575639675461925,-0.13703192895822797,0
-0.054510369479369714,-0.13711171401168207,0
-0.05444542353829351,-0.13719131115247252,0
-0.05438080241564043,-0.13727072094452542,0
-0.054316506672786515,-0.13734994394925623,0
-0.054252536869085696,-0.13742898072556306,0
-0.05418889356187768,-0.13750783182982043,0
-0.05412557730649789,-0.13758649781587218,0
-0.05406258865628432,-0.13766497923502577,0
-0.053999928162587515,-0.13774327663604516,0
-0.05393759637477819,-0.13782139056514484,0
-0.05387559384025584,-0.13789932156598328,0
-0.05381392110445721,-0.13797707017965677,0
-0.05375257871086484,-0.13805463694469283,0
-0.05369156720101487,-0.1381320223970444,0
-0.05363088711450575,-0.13820922707008315,0
-0.05357053898900641,-0.13828625149459367,0
-0.053510523360264226,-0.1383630961987671,0
-0.05345084076211372,-0.13843976170819502,0
-0.053391491726483886,-0.13851624854586359,0
-0.05333247678340701,-0.13859255723214722,0
-0.053273796461026514,-0.13866868828480267,0
-0.0532154512856047,-0.13874464221896313,0
-0.05315744178153091,-0.13882041954713217,0
-0.05309976847132978,-0.1388960207791779,0
-0.05304243187566848,-0.13897144642232703,0
-0.052985432513365266,-0.139046696981159,0
-0.052928770901396624,-0.1391217729576004,0
-0.05287244755490572,-0.1391966748509187,0
-0.052816462987209524,-0.13927140315771708,0
-0.05276081770980692,-0.13934595837192823,0
-0.05270551223238671,-0.13942034098480882,0
-0.05265054706283392,-0.13949455148493414,0
-0.05259592270723896,-0.13956859035819189,0
-0.05254163966990427,-0.13964245808777706,0
-0.052487698453352,-0.13971615515418614,0
-0.052434099558331435,-0.13978968203521178,0
-0.05238084348382671,-0.13986303920593698,0
-0.05232793072706383,-0.13993622713872997,0
-0.05227536178351815,-0.1400092463032385,0
-0.05222313714692192,-0.14008209716638453,0
-0.052171257309271135,-0.14015478019235889,0
-0.05211972276083314,-0.14022729584261584,0
-0.052068533990153355,-0.14029964457586788,0
-0.05201769148406342,-0.14037182684808017,0
-0.05196719572768665,-0.1404438431124658,0
-0.051917047204447064,-0.14051569381947987,0
-0.051867246396074686,-0.14058737941681493,0
-0.05181779378261367,-0.14065890034939532,0
-0.051768689842428585,-0.14073025705937237,0
-0.05171993505221189,-0.14080144998611901,0
-0.051671529886990135,-0.14087247956622498,0
-0.05162347482013168,-0.14094334623349133,0
-0.05157577032335247,-0.14101405041892592,0
-0.05152841686672331,-0.14108459255073802,0
-0.05148141491867706,-0.14115497305433342,0
-0.05143476494601402,-0.14122519235230968,0
-0.05138846741390986,-0.14129525086445086,0
-0.05134252278592139,-0.14136514900772296,0
-0.05129693152399355,-0.14143488719626882,0
-0.05125169408846533,-0.14150446584140353,0
-0.05120681093807705,-0.14157388535160925,0
-0.05116228252997609,-0.14164314613253076,0
-0.051118109319723826,-0.1417122485869705,0
-0.05107429176130115,-0.14178119311488405,0
-0.051030830307115686,-0.14184998011337516,0
-0.05098772540800753,-0.14191860997669115,0
-0.050944977513255565,-0.14198708309621844,0
-0.05090258707058351,-0.14205539986047772,0
-0.050860554526166196,-0.14212356065511947,0
-0.05081888032463596,-0.14219156586291914,0
-0.05077756490908777,-0.14225941586377305,0
-0.05073660872108626,-0.1423271110346934,0
-0.05069601220067103,-0.142394651749804,0
-0.05065577578636271,-0.14246203838033586,0
-0.050615899915169286,-0.1425292712946225,0
-0.05057638502259088,-0.14259635085809588,0
-0.050537231542626966,-0.1426632774332815,0
-0.0504984399077809,-0.14273005137979447,0
-0.05046001054906596,-0.14279667305433513,0
-0.05042194389601172,-0.1428631428106843,0
-0.050384240376668304,-0.14292946099969953,0
-0.05034690041761353,-0.1429956279693104,0
-0.05030992444395727,-0.1430616440645145,0
-0.0502733128793474,-0.14312750962737303,0
-0.050237066145975125,-0.14319322499700687,0
-0.050201184664580616,-0.1432587905095921,0
-0.050165668854458285,-0.14332420649835584,0
-0.05013051913346181,-0.14338947329357246,0
-0.05009573591801005,-0.14345459122255902,0
-0.05006131962309154,-0.14351956060967153,0
-0.050027270662270286,-0.14358438177630062,0
-0.04999358944769043,-0.14364905504086783,0
-0.04996027639008196,-0.14371358071882115,0
-0.049927331898765255,-0.1437779591226313,0
-0.04989475638165627,-0.14384219056178776,0
-0.049862550245271434,-0.14390627534279482,0
-0.04983071389473322,-0.1439702137691673,0
-0.04979924773377396,-0.14403400614142722,0
-0.04976815216474149,-0.1440976527570995,0
-0.049737427588603694,-0.14416115391070816,0
-0.04970707440495337,-0.1442245098937726,0
-0.04967709301201285,-0.14428772099480366,0
-0.04964748380663871,-0.14435078749929986,0
-0.049618247184326655,-0.14441370968974357,0
-0.04958938353921546,-0.1444764878455974,0
-0.04956089326409235,-0.14453912224330032,0
-0.049532776750396953,-0.14460161315626394,0
-0.04950503438822591,-0.14466396085486888,0
-0.04947766656633723,-0.14472616560646115,0
-0.04945067367215484,-0.14478822767534835,0
-0.04942405609177295,-0.1448501473227961,0
-0.04939781420995992,-0.14491192480702456,0
-0.049371948410163166,-0.1449735603832045,0
-0.04934645907451277,-0.14503505430345415,0
-0.04932134658382571,-0.1450964068168354,0
-0.0492966113176105,-0.14515761816935027,0
-0.04927225365407082,-0.14521868860393744,0
-0.04924827397010948,-0.14527961836046888,0
-0.04922467264133252,-0.14534040767574616,0
-0.0492014500420534,-0.14540105678349716,0
-0.04917860654529649,-0.1454615659143726,0
-0.049156142522801274,-0.14552193529594254,0
-0.04913405834502591,-0.14558216515269315,0
-0.04911235438115097,-0.1456422557060233,0
-0.04909103099908337,-0.14570220717424107,0
-0.049070088565460176,-0.1457620197725605,0
-0.0490495274456516,-0.14582169371309844,0
-0.049029348003765294,-0.14588122920487098,0
-0.049009550602649374,-0.14594062645379036,0
-0.048990135603896555,-0.14599988566266153,0
-0.04897110336784684,-0.14605900703117927,0
-0.04895245425359119,-0.14611799075592463,0
-0.04893418861897554,-0.14617683703036174,0
-0.04891630682060307,-0.1462355460448349,0
-0.04889880921383805,-0.14629411798656525,0
-0.048881696152809274,-0.1463525530396475,0
-0.04886496799041286,-0.14641085138504703,0
-0.048848625078315604,-0.14646901320059663,0
-0.04883266776695787,-0.1465270386609936,0
-0.048817096405556905,-0.1465849279377964,0
-0.04880191134210956,-0.14664268119942186,0
-0.04878711292339589,-0.14670029861114192,0
-0.04877270149498113,-0.14675778033508088,0
-0.048758677401219225,-0.1468151265302122,0
-0.0487450409852556,-0.14687233735235555,0
-0.04873179258902987,-0.14692941295417386,0
-0.04871893255327859,-0.14698635348517042,0
-0.04870646121753776,-0.14704315909168597,0
-0.04869437892014604,-0.1470998299168956,0
